# X-coordinate(cm) Y-coordinate(cm) Count
95.9585 3.66667 1250
94.515 3.83355 750
94.8038 3.66667 748
95.0925 3.83333 498
30.4077 16.8232 20527
31.2785 16.674 19607
31.5818 15.8371 23803
39.6658 3.16876 25638
38.8009 3.33333 25615
38.5122 4.16667 30505
70.2665 16.8333 16283
71.1325 16.6667 19018
71.4212 15.8333 23497
61.6062 13.8333 40996
61.0289 14.1667 40246
61.8949 13.6667 43247
60.4515 14.8333 38248
60.1628 15.6667 30997
60.7402 16.3333 26691
62.4752 16.6752 24432
61.8978 16.3419 23520
61.6062 16.1667 24133
61.6062 14.8333 39998
61.0289 15.1667 35748
61.6062 15.8333 27444
63.0494 15.6663 25984
62.7609 15.8333 24651
62.4722 15.6667 27461
62.1836 13.8333 35497
61.8949 14.6667 37499
62.4722 15.3333 32251
63.6269 13.6667 42246
63.0496 13.3333 40747
62.7609 14.1667 33999
18.8823 13.1667 16500
18.0163 13.3333 12749
17.7276 14.1667 12746
5.02588 10.8333 2000
5.60323 11.1667 2250
5.89191 11.3333 1746
95.3812 5.66667 1747
95.6699 4.83333 1248
95.0925 4.16667 1250
93.649 4.33359 2499
93.9377 4.16689 1249
94.2265 4.33333 499
94.2265 5.66667 1747
94.8038 5.33333 1000
94.2265 4.66667 498
92.7831 6.83333 1749
93.6491 6.66667 2247
93.9378 5.83333 1247
20.6143 15.8331 14458
20.6135 16.1651 13202
20.0257 16.82 12135
95.3812 16.3333 1250
96.2472 16.1667 998
96.5359 15.3333 748
75.174 4.33352 22496
75.174 3.66685 24042
74.3079 3.83333 19511
78.6379 3.66684 14756
77.772 3.83333 16503
77.4833 4.66667 18249
77.1928 16.1669 18475
76.6173 15.8333 18260
77.4824 15.3335 18746
34.7593 15.6669 30260
34.7593 16.3336 27757
35.6254 16.1667 25248
70.5551 5.33333 35996
70.2665 5.16667 30247
70.2665 4.83333 25431
71.7173 3.65413 14068
70.8473 3.82755 16146
70.5551 4.66667 22908
35.9141 4.33333 28749
35.3368 3.66667 24247
34.4707 3.83333 24996
38.5124 15.8329 26251
38.2237 15.6664 31741
39.0897 16.1662 24242
92.7831 14.8333 2249
92.2058 15.1667 2499
92.7831 15.8333 2000
94.5153 16.166 1250
93.9379 15.8326 1750
93.6491 15.6667 1251
81.5248 5.66667 17248
81.8135 4.83333 11500
81.2361 4.16667 11267
79.7926 4.33351 12306
80.0814 4.16667 13326
80.3701 4.33333 12271
75.1739 15.6666 19993
74.5962 16.3327 19253
74.5965 15.6664 21246
26.6765 15.3333 21753
26.6765 15.6667 19272
26.3878 15.8333 16771
49.1932 14.3333 36000
48.9045 15.1667 30500
49.4819 15.8333 28998
50.6366 15.8333 28791
51.2139 16.1667 29367
50.3479 15.6667 28997
87.8756 5.33333 9500
87.587 5.16667 9497
87.587 4.83333 6500
89.0303 3.66667 3007
88.1643 3.83333 4505
87.8756 4.66667 4999
14.2663 15.8284 6071
14.8437 16.1617 5482
15.1295 15.3333 7012
66.5137 15.6666 23225
65.9362 16.3305 22483
67.091 15.3332 30264
93.0716 4.66692 2249
93.3605 4.83333 749
93.3605 5.16667 1999
92.4943 3.66692 1999
91.6284 3.83333 2253
92.4943 4.33359 2747
5.31456 8.66667 1750
4.73721 8.33333 999
4.44853 8.16667 498
4.44853 6.83333 2750
3.87118 7.16667 1247
4.44853 7.83333 998
4.15986 11.3333 2247
3.87118 12.1667 1999
4.73721 11.6667 1498
4.73721 13.3333 1247
4.44853 13.1667 1500
4.44853 12.8333 2500
54.1006 4.16444 33572
53.5233 3.8311 32511
54.3893 4.33333 36202
49.1932 3.66667 26997
48.3272 3.83333 26498
48.0385 4.66667 34250
62.473 5.66802 35411
62.7643 4.83929 32307
62.2029 4.20024 30315
61.0384 4.19732 32477
60.4561 3.85543 30112
61.3314 4.35733 31133
63.6268 15.333 28751
63.3383 15.1667 33257
63.3383 14.8333 30502
65.0694 16.163 21711
64.4919 15.8306 24435
64.2041 15.6663 32035
18.3049 15.1668 14000
18.3049 15.8335 14249
18.3049 14.8333 14245
19.4588 15.8323 13229
20.0361 16.1656 14826
19.171 15.6667 13009
53.7926 15.6564 28484
53.7751 16.3612 30276
54.3731 15.657 33559
56.6987 14.6667 34247
56.9874 14.8333 30249
56.9874 15.1667 27254
55.5184 16.3009 24639
56.3987 16.1555 22542
56.6987 15.3333 28252
51.5026 4.33333 31259
50.3479 4.33333 30000
50.9252 3.66667 28504
70.5551 14.6667 28500
70.8438 14.8333 25999
70.8438 15.1667 30997
69.6891 15.8333 22750
70.2665 16.1667 23250
70.5551 15.3333 26997
44.863 4.83338 33747
44.863 5.16667 40500
44.863 4.16671 28247
43.4197 4.33333 26748
43.7083 4.16667 25747
43.997 4.33333 30249
39.3782 5.33333 30996
39.0895 5.16667 29746
39.0895 4.83333 25507
40.2432 4.16876 27989
39.6658 3.83543 23690
39.3782 4.66667 27783
6.4696 15.6661 749
7.04676 16.3331 2754
7.91263 16.1667 1753
30.7185 14.6657 32768
31.0072 14.8323 30771
31.0075 15.1651 26528
29.8555 15.8231 21641
30.4335 16.1554 21512
30.7204 15.3292 28148
4.73721 5.33333 1750
4.44853 5.16667 1498
4.44853 4.83333 2250
5.60323 4.16667 1203
5.02588 3.83333 1250
4.73721 4.66667 3001
23.7898 5.33333 18498
23.5011 5.16667 14068
23.5011 4.83333 14930
24.9438 3.66657 18474
24.0784 3.83333 17019
23.7898 4.66667 16782
41.6877 15.6665 31989
41.9763 14.8333 36253
41.3989 14.1667 39751
39.9557 16.333 23748
40.533 15.6665 24503
41.1103 15.3331 28496
80.9482 14.6653 17567
81.2371 14.8317 14921
81.2381 15.1632 13159
80.6777 16.1229 14947
80.0897 15.808 17836
80.9556 15.3193 14308
28.1316 4.18758 19663
28.414 4.34279 23112
27.5509 3.84833 19409
63.9156 13.8333 32246
63.6269 14.6667 34000
64.2043 15.3333 30270
65.9364 15.6662 26498
65.359 15.3328 23265
65.0703 15.1667 29515
18.8823 13.8333 16749
18.5936 14.6667 17746
19.171 15.3333 16251
20.6143 15.1665 14518
20.3257 15.3333 16035
20.037 15.1667 14749
57.8536 4.33361 25007
58.4309 4.66694 24790
57.5648 5.16667 30999
24.6558 15.1667 26748
25.2331 15.8333 22492
26.0992 15.6667 20006
69.9778 13.6667 34496
69.9778 14.3333 27747
69.9778 14.6667 28747
68.5344 15.8333 24499
69.4004 15.6667 26498
69.6891 14.8333 26498
14.2635 14.1667 8249
14.5522 14.3333 9500
14.5522 14.6667 7008
13.1088 15.8333 8511
13.9748 15.6667 7793
14.2635 14.8333 8005
89.6077 11.6667 5748
90.185 12.3333 4500
91.0511 12.1667 3249
48.6158 6.33333 38000
48.6158 5.66667 39996
48.6158 5.33333 31999
49.1932 4.33333 28749
49.7705 4.66667 34499
48.9045 5.16667 28497
49.7705 6.33333 40747
49.4819 6.16667 36000
49.4819 5.83333 26746
50.9252 4.66667 37249
50.0592 4.83333 36500
49.7705 5.66667 31998
50.6366 6.83333 40249
50.3479 6.66667 42250
50.3479 6.33333 35996
67.6684 8.66667 45500
67.6684 8.33333 45250
67.9571 8.16667 43249
83.2569 12.3334 16999
83.8342 11.3333 12748
84.123 12.1669 18497
59.5855 11.3333 48248
59.5855 11.6667 45998
59.2968 11.8333 43498
93.3605 13.8333 749
93.0718 14.6667 749
93.6491 15.3333 1000
95.3812 15.6667 1748
94.8038 15.3333 1748
94.5152 15.1667 1248
95.9585 14.3333 250
95.9585 14.6667 1249
95.6699 14.8333 1497
93.9378 14.1667 1497
94.5152 14.8333 1750
95.3812 14.6667 1998
96.5359 13.3333 748
95.9585 13.6667 749
95.6699 13.8333 500
94.5152 13.1667 2250
94.5152 13.8333 1497
95.3812 13.6667 1248
95.9585 12.3333 1499
95.9585 12.6667 1249
95.6699 12.8333 1250
93.9378 12.1667 2496
94.5152 12.8333 2749
95.3812 12.6667 2249
54.678 6.16667 38499
54.9667 5.33333 37997
54.3893 4.66667 36984
52.946 4.83333 29479
53.2346 4.66667 32917
53.5233 4.83333 35983
53.812 6.66667 47250
54.1007 5.83333 42498
53.5233 5.16667 35746
51.7913 4.83333 33260
52.3686 5.16667 32251
52.6573 5.33333 34746
50.9252 5.33333 37747
50.6366 6.16667 37997
51.5026 5.66667 34999
53.2346 6.33333 45497
52.6573 5.66667 37748
51.7913 5.83333 35747
51.2139 7.16667 39500
51.2139 6.83333 36998
51.5026 6.66667 37997
52.6573 7.33333 41497
52.6573 6.66667 44747
51.7913 6.83333 43250
50.6366 8.16667 45997
51.2139 7.83333 46249
51.5026 7.66667 42246
53.2346 8.33333 41247
52.6573 7.66667 40996
51.7913 7.83333 39999
43.997 11.3333 50748
43.4197 12.3333 51500
43.997 11.6667 53500
38.2235 8.66667 46498
38.2235 8.33333 38247
38.8009 7.66667 45000
21.7696 15.834 18774
22.3468 15.1671 16740
22.9241 14.8338 21016
19.7483 13.3333 19248
19.4596 14.1667 18498
20.037 14.8333 17748
21.1916 14.8331 20992
21.769 15.1665 17988
20.903 14.6667 17000
22.3464 13.8333 23494
22.3464 14.1667 19489
22.0577 14.3333 20994
20.3257 13.6667 20748
20.903 14.3333 20000
21.769 14.1667 16999
22.9237 12.8333 29248
22.3464 13.1667 24997
22.0577 13.3333 24247
20.903 12.6667 22750
20.903 13.3333 25249
21.769 13.1667 24746
22.3464 11.8333 33500
22.3464 12.1667 29749
22.0577 12.3333 29499
20.3257 11.6667 25246
20.903 12.3333 26748
21.769 12.1667 22998
32.4501 4.66678 28244
31.8728 4.33356 29755
31.584 5.16672 32505
32.45 6.33333 35749
32.1613 6.16667 34249
32.1613 5.83333 34500
39.9556 6.33333 39247
39.9556 5.66667 34497
39.9556 5.33333 27259
41.3989 4.16685 29535
40.5329 4.33333 30047
40.2442 5.16667 31008
44.2857 6.16667 38748
44.5744 5.33333 38248
43.997 4.66667 33498
42.265 4.33369 27765
42.8423 4.66667 27252
43.131 4.83333 31999
43.131 6.16667 37246
43.7083 5.83333 34247
43.131 5.16667 32250
41.3989 4.83351 30493
41.9763 5.16685 28494
42.265 5.33333 33249
40.8216 6.16667 34750
40.8216 5.83333 32501
41.1103 5.66667 32252
42.8423 6.33333 38496
42.265 5.66667 37248
41.3989 5.83333 41251
40.2442 7.16667 41250
40.8216 6.83333 38999
41.1103 6.66667 39497
42.265 7.33333 48000
42.265 6.66667 40247
41.3989 6.83333 45499
40.8216 8.16667 42749
40.8216 7.83333 45998
41.1103 7.66667 51249
48.0385 8.33333 43246
47.4611 7.66667 43999
46.5951 7.83333 42997
35.3368 5.33333 34746
35.3368 5.66667 36248
35.3368 4.66667 31246
33.8934 4.83333 28000
34.1821 4.66667 27498
34.4707 4.83333 31747
32.7387 4.83333 32499
32.45 5.66667 35250
33.316 5.16667 30997
35.0481 5.83333 34998
34.4707 5.16667 32249
33.6047 5.33333 30247
33.0274 6.66667 39747
33.0274 6.33333 36500
33.316 6.16667 33750
34.4707 6.83333 43749
34.4707 6.16667 41749
33.6047 6.33333 33998
32.45 7.66667 44996
33.0274 7.33333 41246
33.316 7.16667 40748
35.0481 7.83333 39499
34.4707 7.16667 46498
33.6047 7.33333 37746
33.0274 8.66667 40750
33.0274 8.33333 41499
33.316 8.16667 46496
12.2429 15.6664 3985
11.6655 15.3331 3743
11.3767 15.1667 4500
13.6861 13.1667 10997
13.6861 13.8333 12500
13.6861 14.1667 7750
13.1088 15.1667 7246
12.5314 14.8333 4744
13.3975 14.3333 8496
12.5314 13.1667 9748
12.8201 13.3333 13246
12.8201 13.6667 6746
11.3767 14.8333 4998
12.2428 14.6667 3498
12.5314 13.8333 4999
11.6654 12.6667 7749
11.9541 12.8333 8500
11.9541 13.1667 7000
8.48998 14.8333 2498
8.48998 15.1667 2000
8.20131 15.3333 1749
4.73721 14.6667 1997
5.31461 15.3332 1747
5.89194 14.6666 1249
5.89191 11.6667 1748
5.02588 11.8333 1999
4.73721 12.6667 999
5.31456 13.6667 998
5.31456 14.3333 2000
5.31456 13.3333 1499
6.46926 12.6667 3997
5.89191 12.3333 2998
5.60323 13.1667 1749
6.46929 14.3333 2498
6.18058 14.1667 1750
6.18058 13.8333 3250
7.04664 15.3333 2249
7.91263 15.1667 2499
7.04664 14.6666 2247
6.75793 12.8333 4748
6.46926 13.6667 3248
7.04661 14.3333 3498
8.48998 14.1667 3249
8.20131 14.3333 2999
7.91263 14.1667 2250
10.5107 14.3333 4750
11.3767 14.1667 6996
11.6654 13.3333 6749
7.91263 12.8333 6749
7.33528 13.1667 4250
7.91263 13.8333 2750
9.64468 14.1667 2246
9.06733 13.8333 2496
8.77866 13.6667 3249
8.48998 11.8333 4246
8.20131 12.6667 6750
8.77866 13.3333 5999
10.5107 13.6667 5000
9.93336 13.3333 3497
9.64468 13.1667 5249
11.0881 12.3333 6750
11.0881 12.6667 6746
10.7994 12.8333 5496
9.06733 12.1667 3996
9.64468 12.8333 4750
10.5107 12.6667 6499
11.0881 11.3333 7997
11.0881 11.6667 6750
10.7994 11.8333 6247
80.3701 5.66667 23996
80.9474 5.33333 17246
80.3701 4.66667 14497
78.6379 4.33351 14244
79.2153 4.66684 11746
79.5041 4.83333 14749
78.0607 5.66667 22497
78.0607 5.33333 22750
78.3494 5.16667 16751
80.0814 5.83333 21749
79.5041 5.16667 18748
78.638 5.33333 18000
77.4833 6.66667 23996
78.0607 6.33333 24246
78.3494 6.16667 18248
80.0814 6.83333 23996
79.5041 6.16667 23746
78.638 6.33333 20749
78.0607 7.66667 29997
78.0607 7.33333 30248
78.3494 7.16667 27500
80.0814 7.83333 21998
79.5041 7.16667 25246
78.638 7.33333 29500
78.0607 8.66667 29749
78.0607 8.33333 33247
78.3494 8.16667 31250
28.6973 6.16684 30028
28.9865 5.3344 25553
28.4123 4.67308 25676
26.9652 4.83333 21757
27.2539 4.66667 25258
27.5443 4.8363 27935
24.6558 5.83333 26496
24.3671 5.66667 20498
24.3671 5.33333 18751
25.5211 4.66657 19538
24.9438 4.33324 18993
24.6558 5.16667 21002
27.8312 6.6667 36249
28.1199 5.83335 34013
27.5425 5.16667 30029
26.3878 5.16667 24475
25.8105 4.83333 21251
26.6765 5.33333 29759
25.2331 6.16667 26499
25.2331 5.83333 23501
25.5218 5.66667 23496
27.2539 6.33334 36998
26.6765 5.66667 30497
25.8105 5.83333 29996
24.6558 7.16667 32746
25.2331 6.83333 32999
25.5218 6.66667 30746
26.6765 7.33334 36247
26.6765 6.66667 34499
25.8105 6.83333 35996
25.2331 8.16667 33750
25.2331 7.83333 36998
25.5218 7.66667 35496
27.2539 8.33333 35248
26.6765 7.66667 37499
25.8105 7.83333 39747
23.2124 7.66667 35000
22.6351 8.66667 33247
22.3464 7.83334 34250
61.3177 5.66688 40061
61.8958 5.33497 37419
61.3229 4.67593 36946
59.8742 4.83333 31343
60.1628 4.66667 36688
60.454 4.83761 35714
58.4308 6.33333 49499
58.1421 6.16667 45747
58.1421 5.83333 40747
58.7195 4.83333 32266
59.2968 5.16667 30466
58.4308 5.66667 33499
61.0289 5.83333 40768
60.4515 5.16667 37804
59.5855 5.33333 33771
59.0081 6.66667 44000
59.0081 6.33333 37248
59.2968 6.16667 32498
60.4515 6.83333 39499
60.4515 6.16667 43495
59.5855 6.33333 40249
58.4308 7.66667 51247
59.0081 7.33333 47497
59.2968 7.16667 44746
61.0289 7.83333 44999
60.4515 7.16667 38496
59.5855 7.33333 40246
75.4626 6.16667 25499
75.7513 5.33333 23997
75.1739 4.66667 25000
73.7306 4.83333 18752
74.0192 4.66667 19996
74.3079 4.83333 21749
71.1325 6.33333 32997
71.1325 5.66667 33250
71.1325 5.33333 28455
72.2878 4.6657 19007
71.7104 4.33237 19269
71.4212 5.16667 27218
72.2872 6.33333 34250
71.9985 6.16667 33248
71.9985 5.83333 31490
73.1532 5.16667 19494
72.5759 4.83333 24490
72.2872 5.66667 30746
74.8853 5.83333 26998
74.3079 5.16667 24999
73.4419 5.33333 22749
72.8645 6.66667 33249
72.8645 6.33333 29999
73.1532 6.16667 28000
74.3079 6.83333 32997
74.3079 6.16667 31250
73.4419 6.33333 27998
72.8645 7.66667 39248
72.8645 7.33333 31746
73.1532 7.16667 29998
74.8853 7.83333 36500
74.3079 7.16667 33250
73.4419 7.33333 28998
72.2872 8.66667 40246
72.8645 8.33333 39496
73.1532 8.16667 36998
34.4707 13.8333 36498
34.1821 14.6667 32495
34.7594 15.3333 30992
36.2028 15.1667 28248
35.9141 15.3333 26997
35.6254 15.1667 29996
40.2442 14.1667 36499
40.5329 14.3333 32749
40.5329 14.6667 35752
39.3782 15.3333 29756
39.9556 15.6666 33253
40.2442 14.8333 35250
39.3782 13.6667 37747
39.6669 13.8333 38749
39.6669 14.1667 40000
38.2235 15.3333 34006
39.0895 15.1667 34503
39.3782 14.3333 37749
35.6254 13.8333 38000
35.0481 14.1667 37500
35.6254 14.8333 33498
37.0688 14.6667 32999
36.7801 14.8333 29747
36.4915 14.6667 32496
36.2028 12.8333 36500
35.9141 13.6667 36499
36.4915 14.3333 33496
38.2235 14.6667 33501
37.6462 14.3333 34250
37.3575 14.1667 37498
38.8009 13.3333 42996
38.8009 13.6667 36999
38.5122 13.8333 34248
36.7801 13.1667 43248
37.3575 13.8333 39996
38.2235 13.6667 35247
39.3782 12.3333 48750
38.8009 12.6667 42499
38.5122 12.8333 40246
37.3575 12.1667 46997
37.3575 12.8333 43497
38.2235 12.6667 42747
38.8009 11.3333 45000
38.8009 11.6667 48250
38.5122 11.8333 49496
30.1407 13.6666 31778
30.1407 14.3332 33567
30.1409 14.6662 26621
28.6966 15.8315 23902
29.5661 15.6604 24050
29.8535 14.8306 26443
28.9859 13.6667 35496
29.2746 13.8333 31509
29.2746 14.1667 29274
28.1198 14.8332 25500
28.6972 15.1665 30979
28.9859 14.3333 32015
25.2332 14.1667 28249
25.2331 13.8333 27997
25.2332 14.8333 27747
26.6765 14.6667 23500
26.3878 14.8333 21999
26.0992 14.6667 26748
25.8105 12.8333 41247
25.5218 13.6667 33499
26.0992 14.3333 27997
27.8312 14.6667 27999
27.2539 14.3333 28248
26.9652 14.1667 29748
28.4086 13.3333 37499
28.4086 13.6667 36747
28.1199 13.8333 30249
26.3878 13.1667 40247
26.9652 13.8333 32247
27.8312 13.6667 31997
28.9859 12.3333 33499
28.4086 12.6667 39999
28.1199 12.8333 35497
26.3878 12.1667 36248
26.9652 12.8333 39500
27.8312 12.6667 38999
28.4086 11.3333 43749
28.4086 11.6667 37747
28.1199 11.8333 36746
42.8423 8.33333 53246
42.265 7.66667 48496
41.3989 7.83333 53747
46.3064 11.6667 42999
46.8838 12.3333 42250
47.7498 12.1667 47000
59.0081 8.66667 52750
59.0081 8.33333 45750
59.2968 8.16667 46249
74.5966 14.6667 26749
74.5966 14.3333 27498
74.5966 15.3333 20500
76.3286 15.6666 19001
75.7513 15.3333 17248
75.4626 15.1667 20250
80.0814 14.1666 19025
80.3702 14.3331 17556
80.3704 14.6661 15978
78.9259 15.8334 20074
79.7969 15.6595 20001
80.0835 14.8297 18725
79.5041 13.1666 21749
79.5041 13.8333 19259
79.5041 14.1667 18268
78.3486 14.8334 18981
78.9259 15.1667 22497
79.2154 14.3333 22503
75.1739 13.3333 27249
74.8853 14.1667 27249
75.4626 14.8333 19497
76.906 14.6667 19756
76.6173 14.8333 19751
76.3286 14.6667 21997
78.3494 13.1667 26248
78.638 13.3333 27248
78.638 13.6667 24745
78.0607 14.6667 20752
77.4833 14.3333 21252
78.3494 13.8333 22498
75.7513 13.6667 28250
76.3286 14.3333 24749
77.1947 14.1667 24998
77.772 12.8333 25249
77.772 13.1667 23746
77.4833 13.3333 24249
76.3286 12.6667 29250
76.3286 13.3333 25496
77.1947 13.1667 26996
78.3494 11.8333 26496
77.772 12.1667 26747
77.4833 12.3333 25747
75.7513 11.6667 34247
76.3286 12.3333 30498
77.1947 12.1667 32250
50.3479 14.3333 39998
49.7705 14.6667 35750
50.3479 15.3333 33497
51.7902 15.1649 31318
51.5026 15.3333 33433
51.2139 15.1667 34505
56.1214 13.6667 41246
56.1214 14.3333 36000
56.1214 14.6667 30064
54.9637 15.3233 31388
55.5411 15.6566 27407
55.8327 14.8333 31461
54.9667 13.6667 39500
55.2554 13.8333 35000
55.2554 14.1667 33766
53.7964 15.3317 30563
54.6714 15.1669 30813
54.9667 14.3333 31727
50.9252 13.3333 36496
50.6366 14.1667 40249
51.2139 14.8333 34512
52.655 14.6646 28342
52.3676 14.8315 29831
52.0799 14.6667 35804
51.7913 12.8333 40000
51.5026 13.6667 40248
52.0799 14.3333 39795
53.8097 14.6646 34317
53.2323 14.3313 34856
52.946 14.1667 41575
54.3893 13.3333 38497
54.3893 13.6667 37475
54.1007 13.8333 35785
52.3686 13.1667 44250
52.946 13.8333 42279
53.812 13.6667 38504
54.9667 12.3333 47746
54.3893 12.6667 41750
54.1007 12.8333 40996
52.946 12.1667 50996
52.946 12.8333 46247
53.812 12.6667 45250
54.3893 11.3333 55500
54.3893 11.6667 54748
54.1007 11.8333 55249
95.9585 11.3333 1249
95.9585 11.6667 1999
95.6699 11.8333 2247
68.8231 13.6667 35999
69.1118 13.8333 32500
69.1118 14.1667 33747
67.9571 14.8333 31250
68.5344 15.1667 33997
68.8231 14.3333 30748
65.0703 13.8333 35496
64.493 14.1667 31000
65.0703 14.8333 27750
66.5137 14.6667 32759
66.225 14.8333 35013
65.9363 14.6667 34251
68.2457 12.6667 41000
68.2457 13.3333 37997
68.2457 13.6667 37246
67.6684 14.6667 34497
67.091 14.3333 34249
67.9571 13.8333 34249
65.359 13.6667 34497
65.9363 14.3333 36249
66.8024 14.1667 33499
67.3797 12.8333 38500
67.3797 13.1667 34250
67.091 13.3333 39250
65.9363 12.6667 41496
65.9363 13.3333 38249
66.8024 13.1667 37747
67.3797 11.8333 46748
67.3797 12.1667 37998
67.091 12.3333 44749
65.359 11.6667 45750
65.9363 12.3333 45996
66.8024 12.1667 46999
82.1021 8.33333 21999
82.1021 7.66667 22998
81.2361 7.83333 22249
92.7831 6.16667 2747
93.0718 5.33333 2499
92.4944 4.66667 2998
91.0511 4.83333 3248
91.3397 4.66667 2500
91.6284 4.83333 2497
88.7417 5.83333 7000
88.453 5.66667 7496
88.453 5.33333 5500
89.6077 4.66667 4249
89.0303 4.33333 3498
88.7417 5.16667 3749
91.9171 6.66667 2498
92.2058 5.83333 2997
91.6284 5.16667 2249
90.4737 5.16667 4248
89.8964 4.83333 4498
90.7624 5.33333 3496
89.319 6.16667 5496
89.319 5.83333 4500
89.6077 5.66667 4497
91.3397 6.33333 3498
90.7624 5.66667 3249
89.8964 5.83333 5246
88.7417 7.16667 6246
89.319 6.83333 6500
89.6077 6.66667 5998
90.7624 7.33333 2749
90.7624 6.66667 4249
89.8964 6.83333 5246
89.319 8.16667 6247
89.319 7.83333 4997
89.6077 7.66667 5747
91.3397 8.33333 3998
90.7624 7.66667 5249
89.8964 7.83333 4747
7.33531 4.83339 1000
6.75793 4.16667 1978
5.89191 4.33333 500
5.31456 5.66667 1747
5.31456 5.33333 1750
5.60323 5.16667 750
5.89191 7.66667 2749
5.60323 7.83333 1500
5.31456 7.66667 998
4.73721 6.66667 2498
5.31456 6.33333 2499
5.31456 7.33333 2246
6.75796 5.16672 1499
5.89191 5.33333 748
5.60323 6.16667 1750
6.46926 7.33333 2249
6.18058 7.16667 1998
6.18058 6.83333 2250
8.7787 6.3334 4748
9.06736 6.16672 3247
9.35601 6.33333 4249
7.62406 5.66684 3249
6.75796 5.83339 1997
6.46926 6.66667 3748
7.04661 8.33333 2249
7.04661 7.66667 3999
7.04661 7.33333 2998
8.20135 6.66674 5497
7.624 6.3334 3499
7.33528 7.16667 3999
9.93336 7.33333 5000
9.35601 6.66667 5499
8.48998 6.83333 5749
7.91263 8.16667 2999
7.91263 7.83333 1999
8.20131 7.66667 3748
7.33528 9.16667 3248
7.91263 9.83333 4250
7.91263 8.83333 3498
96.2472 8.16667 2746
96.2472 7.83333 749
96.5359 7.66667 1249
9.35601 7.66667 4748
8.48998 7.83333 3498
8.20131 8.66667 3247
9.06733 9.83333 6248
8.77866 9.66667 4000
8.77866 9.33333 4748
9.06733 11.1667 4499
9.64468 11.8333 3498
10.5107 11.6667 5500
9.93336 8.66667 5748
9.35601 8.33333 5498
9.06733 9.16667 5499
9.64468 10.1667 5498
9.64468 10.8333 5748
9.64468 9.83333 7250
11.0881 10.6667 6247
10.7994 10.8333 6498
10.5107 10.6667 6996
10.222 8.83333 7748
9.93336 9.66667 7500
10.5107 10.3333 7249
11.3767 8.83333 9249
11.9541 8.16667 9248
10.7994 9.16667 7999
11.6654 10.3333 6246
11.3767 10.1667 5749
11.3767 9.83333 6250
12.8201 10.6667 10750
12.5314 10.8333 9500
12.2428 10.6667 8496
11.9541 8.83333 7747
11.6654 9.66667 6250
12.2428 10.3333 8747
13.1088 8.83333 10498
13.6861 8.16667 10747
12.5314 9.16667 9499
13.3975 10.3333 13250
13.1088 10.1667 10997
13.1088 9.83333 11750
14.8408 11.1667 14998
14.2635 10.8333 12998
13.9748 10.6667 12998
13.6861 8.83333 11747
13.3975 9.66667 12499
13.9748 10.3333 13499
15.4182 8.16667 13748
14.5522 8.33333 13248
14.2635 9.16667 13247
15.1295 10.3333 13997
14.8408 10.1667 12750
14.8408 9.83333 11250
15.7069 11.3333 16749
16.2842 10.6667 20247
15.7069 10.6667 15997
15.4182 8.83333 14497
15.1295 9.66667 12750
15.7069 10.3333 14499
16.5729 8.83333 18497
17.1502 8.16667 20498
15.9955 9.16667 15998
16.8616 10.3333 23248
16.5729 10.1667 17999
16.5729 9.83333 18749
18.3049 11.1667 24000
17.7276 10.8333 24000
17.4389 10.6667 22248
17.1502 8.83333 20748
16.8616 9.66667 19250
17.4389 10.3333 19997
18.3049 8.83333 19247
18.5936 8.66667 22748
17.7276 9.16667 20249
18.5936 10.3333 21247
18.3049 10.1667 18249
18.3049 9.83333 21999
19.171 11.3333 26996
20.037 11.1667 24496
19.171 10.6667 24000
18.8823 8.83333 26248
18.5936 9.66667 26498
19.171 10.3333 27250
20.037 8.83333 22746
20.3257 8.66667 26250
19.4596 9.16667 24247
20.3257 10.3333 24996
20.037 10.1667 22000
20.037 9.83333 26999
21.4804 8.66667 28249
20.6143 8.83333 29500
20.3257 9.66667 29997
20.903 11.3333 27746
20.903 10.6667 24999
20.903 10.3333 30499
22.3464 11.1667 25497
22.0577 11.3333 26750
21.769 11.1667 25750
21.4804 9.33333 29247
21.1917 10.1667 31250
21.769 10.8333 29999
23.2124 10.6667 30496
22.9237 10.8333 29496
22.6351 10.6667 29748
22.6351 9.33333 35500
22.0577 9.66667 30247
22.6351 10.3333 31000
24.0784 8.16667 28250
23.2124 8.33333 30247
22.9237 9.16667 32997
23.7898 10.3333 32996
23.5011 10.1667 31249
23.5011 9.83333 33247
24.3671 11.3333 42499
24.9445 10.6667 41499
24.3671 10.6667 39496
24.0784 8.83333 26998
23.7898 9.66667 33999
24.3671 10.3333 37246
25.2331 8.83333 33498
25.5218 8.66667 36499
24.6558 9.16667 31248
25.5218 10.3333 42498
25.2331 10.1667 37499
25.2331 9.83333 33747
26.6765 8.66667 37748
25.8105 8.83333 36248
25.5218 9.66667 36746
26.0992 11.3333 33748
26.0992 10.6667 37996
26.0992 10.3333 38746
26.9652 11.8333 37999
27.8312 11.6667 40746
26.9652 11.1667 37500
26.6765 9.33333 39250
26.3878 10.1667 41249
26.9652 10.8333 34747
28.4086 10.6667 46497
28.1199 10.8333 41248
27.8312 10.6667 37997
27.5425 8.83333 41747
27.2539 9.66667 42749
27.8312 10.3333 36500
29.2746 8.16667 44497
28.6972 8.83333 42997
28.1199 9.16667 50497
28.9859 10.3333 44996
28.6972 10.1667 44747
28.6972 9.83333 48000
30.1406 10.6667 46746
29.8519 10.8333 44996
29.5633 10.6667 44500
29.2746 8.83333 41249
28.9859 9.66667 45249
29.5633 10.3333 43000
30.4293 8.83333 40249
30.718 8.66667 34999
29.8519 9.16667 40748
30.718 10.3333 43246
30.4293 10.1667 43499
30.4293 9.83333 43998
31.8727 8.66667 39748
31.0066 8.83333 41999
30.718 9.66667 48747
31.2953 11.3333 45497
31.2953 10.6667 47749
31.2953 10.3333 51499
32.45 11.3333 38749
33.0274 11.6667 43246
32.1613 11.1667 39249
31.8727 9.33333 48996
31.584 10.1667 47998
32.1613 10.8333 43749
33.6047 10.6667 48999
33.316 10.8333 46250
33.0274 10.6667 48748
33.0274 9.33333 46998
32.45 9.66667 50247
33.0274 10.3333 50246
34.4707 8.16667 49499
33.6047 8.33333 42748
33.316 9.16667 46998
34.1821 10.3333 47997
33.8934 10.1667 48746
33.8934 9.83333 46746
34.7594 11.3333 45247
35.3368 10.6667 46250
34.7594 10.6667 48496
34.4707 8.83333 50748
34.1821 9.66667 53748
34.7594 10.3333 56246
35.6254 8.83333 47497
35.9141 8.66667 47499
35.0481 9.16667 51247
35.9141 10.3333 54250
35.6254 10.1667 57249
35.6254 9.83333 50246
37.0688 8.66667 52997
36.2028 8.83333 47249
35.9141 9.66667 44249
36.4915 11.3333 42999
36.4915 10.6667 47747
36.4915 10.3333 43247
37.3575 11.8333 48248
38.2235 11.6667 48996
37.3575 11.1667 49500
37.0688 9.33333 50498
36.7801 10.1667 51997
37.3575 10.8333 46749
38.8009 10.6667 41250
38.5122 10.8333 42746
38.2235 10.6667 43497
38.2235 9.33333 47247
37.6462 9.66667 49246
38.2235 10.3333 45248
39.6669 8.16667 50246
38.8009 8.33333 45996
38.5122 9.16667 54499
39.3782 10.3333 44999
39.0895 10.1667 47748
39.0895 9.83333 53247
40.2442 10.8333 46746
40.8216 11.1667 47250
39.9556 10.6667 42498
39.6669 8.83333 47500
39.3782 9.66667 52248
39.9556 10.3333 47996
40.8216 8.83333 41496
41.1103 8.66667 49250
40.2442 9.16667 43250
41.1103 10.3333 49749
40.8216 10.1667 44747
40.8216 9.83333 45997
42.265 8.66667 52747
41.3989 8.83333 55000
41.1103 9.66667 50999
41.6876 11.3333 48747
41.6876 10.6667 51496
41.6876 10.3333 50000
42.8423 11.3333 47249
43.4197 11.6667 49000
42.5536 11.1667 49998
42.265 9.33333 48997
41.9763 10.1667 51247
42.5536 10.8333 47997
43.997 10.6667 50749
43.7083 10.8333 49498
43.4197 10.6667 47997
43.4197 9.33333 47498
42.8423 9.66667 46749
43.4197 10.3333 46248
44.863 8.16667 42497
43.997 8.33333 43999
43.7083 9.16667 46998
44.5744 10.3333 49000
44.2857 10.1667 47998
44.2857 9.83333 48999
45.4404 10.8333 48747
46.0177 11.1667 41746
45.1517 10.6667 48498
44.863 8.83333 50246
44.5744 9.66667 49998
45.1517 10.3333 47500
46.0177 8.83333 48749
46.3064 8.66667 47248
45.4404 9.16667 53249
46.3064 10.3333 43250
46.0177 10.1667 44250
46.0177 9.83333 49497
47.4611 8.66667 43499
46.5951 8.83333 45750
46.3064 9.66667 47247
46.8838 11.3333 44246
46.8838 10.6667 47250
46.8838 10.3333 49999
48.3272 11.1667 46749
48.0385 11.3333 43749
47.7498 11.1667 45497
47.4611 9.33333 48496
47.1725 10.1667 47498
47.7498 10.8333 48998
49.4819 11.1667 46498
48.9045 10.8333 48747
48.6158 10.6667 46498
48.6158 9.33333 42998
48.0385 9.66667 43499
48.6158 10.3333 51500
50.0592 8.16667 46247
49.1932 8.33333 47247
48.9045 9.16667 43247
49.7705 10.3333 46498
49.4819 10.1667 48999
49.4819 9.83333 50747
50.3479 11.3333 44249
50.9252 10.6667 49997
50.3479 10.6667 41497
50.0592 8.83333 51498
49.7705 9.66667 50500
50.3479 10.3333 47246
51.2139 8.83333 48249
51.5026 8.66667 42000
50.6366 9.16667 47497
51.5026 10.3333 55496
51.2139 10.1667 50250
51.2139 9.83333 48500
52.6573 8.66667 46496
51.7913 8.83333 42498
51.5026 9.66667 50000
52.3686 10.8333 49498
52.0799 10.6667 53998
52.0799 10.3333 51496
52.946 11.8333 52748
53.812 11.6667 54747
17.2293 18.2299 5529
17.168 19.1385 4365
12.4688 18.9111 2161
12.7312 18.8997 3005
11.7941 18.8042 1971
89.1889 19.1439 1463
89.3102 18.8644 1601
90.4886 18.778 2199
89.5561 18.7305 2274
85.7769 1.79991 4914
85.8603 0.902194 4936
85.4095 1.16783 4084
81.3445 0.937645 3386
80.6736 1.00269 5171
80.3562 1.09728 7069
75.3984 1.16763 5988
75.9213 0.840073 7310
75.4867 1.87857 7431
75.9381 1.11971 7472
70.8537 0.793274 10196
70.8392 1.06847 15759
69.6505 1.2432 6098
70.5387 1.25669 13000
65.6599 1.18089 11184
66.377 1.11664 9112
64.5075 1.2406 13026
65.4047 1.30271 15266
60.75 0.914768 11739
60.6318 1.21075 17025
59.4208 1.22835 8673
60.3163 1.31767 14392
56.26 1.1288 8045
55.6376 1.12922 7995
54.8633 1.49565 11908
51.2539 1.23669 10981
50.5383 1.15076 13101
49.7224 1.51039 15643
45.4983 1.1555 11630
45.8971 1.80342 12848
45.9276 0.895166 11810
40.7506 1.79209 13782
40.8333 0.866025 13344
40.3726 1.12703 9871
34.8925 1.25014 6466
35.6125 1.74888 12335
35.8287 0.871037 11372
29.6907 1.34186 10379
30.8867 0.842661 8430
30.3875 1.88473 13116
30.9057 1.12008 14252
24.5904 1.21845 8732
25.8365 0.810932 7859
25.22 1.81375 10239
25.8085 1.08542 12441
20.8337 0.862679 8962
19.8273 1.44941 7247
20.6688 1.15447 7609
14.8337 1.43884 4057
15.6667 1.73205 4020
16.3333 1.1547 5535
10.6136 1.11403 1236
10.3045 1.18343 858
11.3255 1.20786 1998
97.8333 19.7767 561
98.1237 19.693 302
96.8421 19.184 358
97.1667 19.7767 530
95.8554 19.7765 226
94.9757 19.1379 553
93.9071 19.134 1626
94.2268 19.6807 701
92.8333 19.7625 1509
93.1735 19.7266 564
91.7944 19.1497 1850
92.1667 19.7625 1523
90.8327 19.7778 1684
91.1472 19.6936 1206
89.8587 19.1712 3021
90.166 19.7778 1673
88.8296 19.7504 2527
89.1797 19.6967 2506
87.8261 19.1752 2859
88.1629 19.7504 842
86.8345 19.7107 2931
87.1649 19.7124 1369
85.8345 19.1333 3434
86.1678 19.7107 2086
84.8335 19.715 1843
85.1667 19.7113 1334
83.8354 19.1351 5077
84.1669 19.715 2006
82.8456 19.1174 5300
83.1676 19.71 3801
81.8829 19.7449 4479
82.1723 19.7037 4527
80.8409 19.224 5389
81.2162 19.7449 3225
79.7361 19.1111 5729
80.1457 19.7396 3773
78.8296 19.7756 3848
79.1285 19.6857 4377
77.8263 19.1709 5148
78.1629 19.7756 2630
76.8447 19.7743 7590
77.1651 19.6976 5104
75.9496 19.128 8856
76.178 19.7743 6017
74.8858 19.0995 12932
75.2191 19.6769 8075
73.8417 19.7084 8229
74.1667 19.7113 7253
72.8822 19.1126 8173
73.175 19.7084 5331
71.8563 19.7009 11847
72.187 19.7021 8229
70.8639 19.0212 8691
71.1896 19.7009 5835
69.7933 19.0609 12740
70.1705 19.6602 7909
68.8256 19.7146 11029
69.1447 19.7004 8761
67.8167 19.2188 11452
68.1589 19.7146 9308
66.8333 19.7694 7613
67.1622 19.7521 6809
65.8082 19.176 9936
66.1667 19.7694 4506
64.8035 19.2493 7943
65.1541 19.7033 6645
63.849 19.6722 10603
64.158 19.773 5934
62.8445 19.0912 12575
63.1823 19.6722 9908
61.8403 19.7189 10620
62.1644 19.7095 7657
60.8273 19.1613 11651
61.1736 19.7189 5913
59.8584 19.1276 12203
60.1602 19.7212 7863
58.8288 19.6661 11837
59.1824 19.7032 7818
57.7988 19.104 8072
58.1621 19.6661 8323
56.8293 19.7166 9993
57.1517 19.719 6599
55.8293 19.1397 9320
56.1627 19.7166 7088
54.8333 19.1342 11896
55.1667 19.7115 6898
53.8333 19.7113 11833
54.1667 19.7113 7502
52.8333 19.134 12382
53.1667 19.7113 7831
51.8255 19.677 11837
52.1667 19.7113 7542
50.8425 19.7721 12408
51.1589 19.677 11529
49.9262 19.1383 12540
50.1758 19.7721 6862
48.8333 19.7113 15230
49.2085 19.6831 11759
47.8333 19.134 10628
48.1667 19.7113 9688
46.792 19.6767 10748
47.1667 19.7113 7293
45.8333 19.7774 10134
46.1254 19.6767 8963
44.8546 19.1746 9476
45.1667 19.7774 6815
43.8333 19.7753 10412
44.1773 19.6986 8087
42.9334 19.1434 8774
43.1667 19.7753 6648
41.8333 19.7113 11286
42.2167 19.6841 8445
40.8463 19.1235 10622
41.1667 19.7113 6582
39.7968 19.0697 11377
40.1732 19.7061 7481
38.8333 19.7778 7560
39.1452 19.6818 6239
37.8831 19.1418 11314
38.1667 19.7778 6397
36.8287 19.7063 12030
37.1915 19.682 11465
35.8287 19.1289 9573
36.1621 19.7063 7380
34.7379 19.0779 10616
35.1667 19.7113 6269
33.8281 19.7751 7967
34.119 19.6833 7371
32.8163 19.186 7554
33.1615 19.7751 4765
31.8355 19.7917 8803
32.1608 19.7055 4498
30.9055 19.1556 9338
31.1688 19.7917 5628
29.8683 19.1046 11257
30.2017 19.682 7683
28.8296 19.7127 10222
29.1667 19.7113 6786
27.7526 19.0785 10826
28.163 19.7127 5272
26.8282 19.7734 8468
27.1281 19.6829 9455
25.8522 19.1274 5439
26.1615 19.7734 3508
24.8453 19.0996 7249
25.1787 19.677 5819
23.8325 19.725 6170
24.1667 19.7113 5147
22.8231 19.229 6576
23.1659 19.725 4066
21.8333 19.7672 4768
22.1619 19.752 3933
20.8459 19.2775 5798
21.1667 19.7672 2728
19.8753 19.2253 4917
20.1729 19.7552 4149
18.8473 19.6661 7657
19.1845 19.7351 5966
17.829 19.0778 5769
18.1806 19.6661 6572
16.8529 19.7268 3616
17.1576 19.7059 2406
15.8111 19.7271 3928
16.1862 19.7268 2439
14.8005 19.1558 3700
15.1444 19.7271 2980
13.8352 19.7127 2733
14.1614 19.7144 2940
12.8744 19.1537 2277
13.1685 19.7127 2404
11.8489 19.6671 3255
12.1862 19.7205 1991
10.8282 19.0701 5363
11.1822 19.6671 3192
9.83333 19.7113 1791
10.1563 19.7015 2991
8.742 19.0779 1905
9.16667 19.7113 787
7.83333 19.7748 955
8.121 19.6833 1484
6.83072 19.1307 1300
7.16667 19.7748 851
5.76987 19.0774 730
6.16536 19.678 936
4.81407 19.7142 1127
5.13559 19.6997 576
3.79907 19.2154 567
4.1474 19.7142 584
2.83333 19.7633 620
1.85079 19.1684 960
2.16667 19.7633 321
0.908986 19.7577 272
1.17539 19.7026 387
99.0893 0.244017 240
97.1667 0.223291 1535
97.8333 0.223291 214
96.1973 0.816522 1448
96.8377 0.296377 1771
95.1886 0.223768 717
95.8553 0.223768 425
94.2261 0.320887 1249
94.8928 0.320887 1123
93.1702 0.870931 1036
93.8333 0.288675 1252
92.1702 0.293581 1285
92.8369 0.293581 975
91.1131 0.857985 788
91.8065 0.317843 1228
90.1667 0.222299 2662
90.8333 0.222299 627
89.1984 0.930764 3773
89.8529 0.318337 3268
88.1592 0.294091 3265
88.8259 0.294091 1136
87.1667 0.866025 4172
23.8784 0.315873 7035
22.1944 0.863479 6814
22.847 0.289075 4801
21.167 0.285329 5997
21.8337 0.285329 4286
20.1655 0.866291 6080
20.8333 0.288675 4917
19.1637 0.866432 3996
19.8321 0.288941 3664
18.1661 0.28855 3757
18.8328 0.28855 2084
17.1667 0.866025 3924
17.8333 0.288675 2419
16.1667 0.288675 5087
16.8333 0.288675 4002
15.167 0.861486 4252
15.8333 0.288675 3838
14.167 0.284136 4529
14.8337 0.284136 2421
13.1721 0.282096 4954
13.8388 0.282096 2662
12.2218 0.889418 5386
12.8529 0.279454 3303
11.1827 0.330511 3161
11.8494 0.330511 3735
10.1539 0.849155 477
10.8267 0.2836 713
9.16716 0.281955 578
9.83383 0.281955 497
8.18299 0.87753 1034
8.8415 0.294427 839
7.16667 0.288675 228
7.83333 0.288675 231
6.21167 0.912678 1654
6.84293 0.309097 523
5.2436 0.921871 1636
5.85914 0.294484 1153
4.19199 0.332904 283
3.15173 0.735615 649
2.16667 0.236692 704
2.83333 0.236692 646
1.25499 0.819741 232
99.1503 18.1384 802
99.7128 17.1642 336
99.7128 17.8309 338
99.134 16.1667 499
99.7113 16.8333 500
99.134 15.1667 666
99.7113 15.8333 499
99.7113 14.1667 1248
99.7113 14.8333 916
99.134 13.1667 333
99.7113 13.8333 582
99.7113 12.1667 666
99.134 11.1667 916
99.7113 11.8333 915
99.7113 10.1667 500
99.7113 10.8333 498
99.134 9.16667 250
99.7113 9.83333 250
99.134 8.16667 500
99.7113 8.83333 499
0.288675 11.1667 803
0.288675 9.83333 978
0.288675 10.1667 1469
0.277399 7.83293 265
0.288675 8.16667 270
0.277399 7.16626 259
0.806749 3.82468 275
0.272148 2.83326 261
0.24232 0.24232 629
0.908986 0.24232 358
0.255309 1.1682 285
0.24232 0.908986 714
0.272148 2.16659 259
0.280668 3.16423 267
0.866025 10.8333 1781
0.288675 12.1667 535
0.288675 13.1667 802
0.866025 12.8333 535
0.288675 14.1667 600
0.288675 13.8333 912
0.866025 14.8333 333
99.7188 1.84623 499
99.1935 1.2698 210
99.7128 2.8358 509
99.7128 2.16913 488
99.1354 3.16913 497
99.7113 4.83333 666
99.7113 4.16667 666
99.7113 5.16667 666
99.7113 6.83333 249
99.134 6.16667 499
99.7113 7.83333 749
99.7113 7.16667 498
23.2117 0.315873 10045
24.8422 0.218809 3763
24.1756 0.218809 8129
25.8349 0.293656 6253
25.1788 0.806121 7990
26.8333 0.22362 3067
26.1667 0.22362 7113
27.8031 0.311538 5534
27.1062 0.846696 5738
28.8386 0.258096 5962
28.1719 0.258096 9158
29.8288 0.257259 5132
29.1621 0.257259 7042
30.86 0.309828 6646
30.2155 0.876914 9601
31.8333 0.223006 6235
31.1667 0.223006 7559
32.8258 0.298881 8601
32.1515 0.820767 8965
33.7959 0.233368 5278
33.1292 0.233368 8203
34.9263 0.22948 3766
33.8782 0.957375 7645
34.2596 0.22948 8559
35.8333 0.288675 5243
35.2596 0.80683 4552
36.8287 0.293687 6788
36.162 0.293687 10494
37.8582 0.317972 7103
37.2117 0.929631 12547
38.8334 0.224082 4171
38.1667 0.224082 9096
39.8104 0.320543 10993
39.1208 0.865168 10666
40.8333 0.288675 10094
40.1437 0.897893 17568
41.8333 0.288675 6946
41.1667 0.288675 14075
42.8834 0.31685 11290
42.2667 0.922375 14855
43.8333 0.227045 7632
43.1667 0.227045 11363
44.8393 0.322587 7258
44.1786 0.87222 10729
45.8691 0.300568 8676
45.2442 0.923723 14588
46.8561 0.29403 7705
46.1894 0.29403 11552
47.8339 0.294212 7225
47.1906 0.882454 9924
48.8186 0.280776 6647
48.1519 0.280776 9785
49.8234 0.282432 6954
49.132 0.84564 8990
50.8093 0.298076 9979
50.1086 0.878584 12175
51.8338 0.341043 12349
51.1671 0.341043 13850
52.858 0.29817 8754
52.2165 0.937383 13290
53.8448 0.282714 5954
53.1781 0.282714 9130
54.8572 0.275546 8430
54.1905 0.275546 12011
55.8334 0.294099 6800
55.1906 0.863744 11356
56.8112 0.293889 9053
56.1446 0.293889 9724
57.7981 0.30054 7563
57.0741 0.894968 10297
58.8288 0.322622 9001
58.1622 0.322622 11291
59.8333 0.22681 4739
59.1667 0.22681 11747
60.7915 0.317136 5876
60.083 0.861083 7984
61.8337 0.280495 8171
61.1671 0.280495 12058
62.8315 0.276836 7978
62.1635 0.834167 11716
63.869 0.327982 6855
63.2024 0.327982 11608
64.8341 0.224463 5208
64.1674 0.224463 9507
65.8092 0.31802 7372
65.1191 0.860503 9801
66.8344 0.285895 9682
66.1677 0.285895 14202
67.8168 0.271429 8668
67.1347 0.828752 13278
68.7444 0.227026 5893
68.0777 0.227026 9090
69.8719 0.232468 5112
69.2052 0.232468 8734
68.6644 0.950952 9161
70.8435 0.295011 4806
70.2256 0.822489 8198
71.8333 0.203253 3952
71.1667 0.203253 7945
72.7992 0.301106 5512
72.0983 0.805466 7447
73.8333 0.288675 3624
73.1667 0.288675 6764
74.8333 0.288675 4854
74.1667 0.288675 5619
75.873 0.311196 5181
75.2459 0.911068 8514
76.8421 0.21768 3241
76.1754 0.21768 4584
77.8293 0.296785 5483
77.1672 0.811251 8260
78.8149 0.226767 1915
78.1482 0.226767 5686
79.7629 0.324838 4281
79.0073 0.876444 5062
80.8289 0.278107 2803
80.0873 0.881052 6629
81.831 0.245585 2321
81.1643 0.245585 3320
82.8552 0.307513 3069
82.2081 0.860611 4019
83.8333 0.222452 1867
83.1667 0.222452 3192
84.8162 0.323263 2341
84.1325 0.868978 3074
85.8468 0.306759 3505
85.1766 0.936781 5884
86.8333 0.288675 3678
86.1667 0.288675 5705
87.8333 0.288675 3476
17.598 18.8605 3999
22.5939 18.9936 6428
22.2954 19.0737 4670
21.6382 19.1041 4295
27.0657 18.859 11745
27.519 18.1259 8885
27.0845 19.1392 9496
27.606 18.825 6119
32.7524 18.2072 13132
32.1675 18.9211 12311
33.4028 18.7791 6639
32.157 19.2026 8461
37.9368 18.147 12740
37.3465 18.8148 9293
38.5058 18.7666 8885
36.6209 18.8634 10306
43.0993 18.1625 15820
42.4342 18.827 11073
43.6016 18.7764 9757
41.6675 18.8815 10071
48.1852 18.4727 11863
47.358 18.8749 10683
46.6087 18.8057 11327
51.7173 18.8153 6455
52.6667 18.8453 11897
52.3996 18.8839 7487
56.6401 18.8941 9968
57.5542 18.9021 6956
57.2138 18.3859 7428
62.1691 19.138 11573
62.2533 18.2193 12966
62.6169 18.8687 8928
67.5912 18.9847 10834
67.3101 19.0681 7850
66.6524 19.1027 6584
72.2302 19.1051 12759
72.4844 18.2124 9322
72.7338 18.8631 7414
76.8976 18.3255 7332
77.1748 19.1696 4366
77.7899 18.1741 7214
78.4314 18.7745 4912
82.2887 18.2851 4466
82.2275 19.1522 6147
82.6789 18.8481 4143
90.1947 1.68573 3938
89.8725 0.858972 1933
89.3282 1.18651 2148
89.3681 1.90013 3381
1.07821 9.66667 478
1.07821 10.6667 1068
1.07821 10.3333 1206
98.8453 10.3333 1248
98.2679 9.66667 498
98.5566 8.83333 748
7.64771 18.3318 1165
8.07533 19.1414 1394
8.47453 18.1226 1654
8.57868 18.8249 1658
7.34347 1.19299 955
6.70849 1.83901 1256
5.90223 1.50993 1579
99.134 13.8333 498
98.8453 13.3333 499
92.8677 1.53254 1682
93.6654 1.12082 722
94.4509 1.18525 949
93.6409 18.9132 1008
93.3343 19.0065 1288
92.654 19.0781 1110
1.46064 6.31315 244
1.07821 13.6667 425
1.07821 14.3333 478
98.2679 6.66667 750
99.134 6.83333 499
98.5566 5.83333 750
85.6683 18.8444 3269
85.3336 18.8633 4169
85.1669 19.1377 3326
5.08524 19.1136 1092
5.13394 18.1994 1177
5.52116 18.8458 242
1.04516 2.66651 212
1.06302 3.6618 250
1.50341 3.33333 232
98.5581 2.8358 998
98.8453 3.66663 752
98.8453 4.33329 250
98.8453 16.3333 750
96.8094 1.09275 533
96.2339 1.81813 568
96.8421 0.816044 255
95.6135 1.22692 478
96.822 18.1834 800
96.2212 18.9057 838
96.1975 19.1838 240
4.30218 1.20418 1194
3.49046 1.51516 879
3.30579 0.937348 668
98.8453 11.3333 1499
98.8453 11.6667 750
99.134 11.8333 998
3.57214 18.9821 749
3.3057 19.0647 659
2.65403 19.0902 698
10.146 19.1144 1994
10.2605 18.2052 3605
10.6058 18.8514 3612
13.6704 18.848 4164
14.3475 18.2284 3591
15.1727 18.4933 3816
18.8131 18.7722 7789
19.7507 19.0134 4287
19.6188 18.4233 2699
24.6141 18.8798 4811
23.6411 18.8489 6327
24.2328 18.255 5567
29.6398 18.8786 11741
28.6511 18.8192 12354
29.2901 18.2436 14269
33.6421 18.3354 13707
34.0661 19.1416 9399
34.4692 18.1247 11058
34.5722 18.8283 9740
38.7968 18.3152 12381
39.1237 19.1414 6948
39.6665 18.8159 10589
39.6249 18.105 10530
44.8578 18.1738 15988
44.2387 18.8978 13954
45.4597 18.7684 9056
44.1879 19.1724 12028
50.0436 18.1598 15663
49.4069 18.8236 9809
50.5689 18.7584 10925
48.6566 18.8801 8305
53.6667 18.8453 12864
54.3333 18.2691 14338
55.1667 18.5592 10593
60.2255 18.4958 14201
59.4332 18.8534 12550
58.7259 18.7791 12383
63.8359 18.797 11741
64.454 18.9986 10377
69.1151 19.1153 12750
69.1941 18.2026 8703
69.5604 18.8463 11372
74.175 19.1311 9554
74.3284 18.2135 9278
74.6544 18.875 9838
78.6832 18.3199 6027
79.0867 19.1471 3858
79.5608 18.0847 6281
80.2751 18.625 4310
86.6678 18.8387 1778
87.3069 18.242 3719
88.1146 18.5649 2511
91.1223 18.8874 3048
91.6696 18.1481 2406
91.1271 19.1651 1851
92.3516 18.7263 2373
1.05566 7.66585 204
1.07821 8.33333 500
1.07821 12.6667 393
1.07821 12.3333 249
1.07821 15.6667 248
1.07821 16.6667 253
1.07821 16.3333 497
7.9303 1.58431 2025
8.69579 1.12361 1129
9.34713 1.09866 856
12.4701 1.08868 2875
13.3696 1.10121 4589
12.815 1.60381 3637
17.3333 1.15203 4746
17.6667 1.15425 5290
17.8328 0.865901 4519
23.3739 1.21719 6426
21.8062 1.39954 8905
22.6445 1.1636 6653
27.3658 1.29816 10050
26.444 1.21984 6635
27.6817 1.17075 10327
27.7781 0.881171 8567
32.4691 1.26116 11987
31.538 1.22385 8836
33.0426 1.67531 11651
32.7808 0.831129 7660
38.2126 1.68284 14985
37.8831 0.860027 11055
37.3938 1.88113 9668
37.346 1.18374 9730
42.9829 1.13399 13634
42.5431 1.88123 13385
42.9334 0.860745 9037
42.4336 1.17524 10472
47.3656 1.12865 8227
47.8198 0.8692 13179
47.7011 1.76936 11277
52.8942 0.879055 13100
52.8399 1.7929 10759
52.4549 1.15241 11193
56.6764 1.5423 12629
57.5037 1.15537 9137
58.2319 1.19953 10523
63.318 1.23252 14163
62.3143 1.05396 9070
62.4777 1.6534 9080
67.3131 1.1471 10779
67.6529 1.03814 11812
67.7113 0.769883 8015
72.3594 1.2225 13684
71.4711 1.16015 10820
73.3644 1.11659 7924
72.6294 1.14145 11913
77.775 1.09357 7583
77.181 1.83065 9771
77.8067 0.820338 3750
76.5597 1.21231 7278
83.2262 1.68188 6608
82.8771 0.837479 4215
82.3433 1.86318 7567
81.6569 1.29593 5653
87.8259 0.871441 2550
87.6175 1.77167 2359
87.3346 1.1094 2203
91.0524 1.85184 3159
91.6468 1.18476 2413
90.4885 1.23288 941
92.3742 1.13624 2644
1.51353 1.24409 585
0.752938 1.24539 457
98.3047 1.64413 574
99.1503 1.86158 993
98.6701 0.857955 441
98.8946 18.6672 529
98.5605 17.827 491
98.8453 10.6667 1247
97.9793 9.83333 749
97.9793 10.1667 499
97.9793 10.8333 1498
97.4019 9.16667 1748
97.6906 8.33333 1999
98.5566 8.16667 1250
97.1132 9.33333 1997
97.1132 9.66667 1499
97.4019 9.83333 1248
96.5359 8.66667 2247
96.8246 7.83333 997
97.6906 7.66667 1496
96.2472 9.83333 1247
95.6699 9.16667 1999
96.2472 8.83333 1997
96.2472 10.1667 999
96.5359 10.3333 998
97.1132 10.6667 1497
95.3812 10.3333 1247
94.8038 9.66667 750
95.0925 8.83333 1499
95.3812 10.6667 1249
95.6699 10.8333 749
95.9585 10.6667 499
94.5152 10.8333 1999
93.9378 10.1667 2250
94.2265 9.33333 1498
94.5152 11.1667 1747
95.3812 11.6667 1249
94.5152 11.8333 1747
93.6491 10.3333 3000
93.6491 10.6667 3747
93.9378 10.8333 2249
93.0718 9.66667 3000
93.6491 9.33333 1000
94.2265 8.66667 1748
92.7831 10.8333 4998
92.2058 10.1667 4746
92.4944 9.33333 3250
92.7831 11.1667 3747
93.6491 11.6667 2250
93.0718 11.3333 4247
91.9171 10.3333 4748
91.9171 10.6667 2497
92.2058 10.8333 3750
91.3397 9.66667 4997
92.2058 9.16667 3747
91.9171 9.33333 4498
91.0511 10.8333 3748
90.4737 10.1667 4247
90.7624 9.33333 5748
91.0511 11.1667 3246
91.3397 11.3333 3500
91.6284 11.1667 4250
90.185 10.3333 5749
90.185 10.6667 5247
90.185 11.3333 4748
89.6077 9.66667 6000
89.8964 8.83333 6250
90.7624 8.66667 5747
89.319 9.83333 6247
89.319 10.1667 7248
89.6077 10.3333 5248
88.7417 9.16667 7249
89.6077 8.66667 6999
89.319 8.83333 5996
88.453 10.3333 8498
87.8756 9.66667 7750
88.1643 8.83333 7248
88.453 10.6667 9996
88.7417 10.8333 7746
89.319 11.1667 5997
87.587 9.83333 8250
87.587 10.1667 9997
87.8756 10.3333 10247
87.0096 9.16667 7250
87.2983 8.33333 7998
87.8756 8.66667 7248
86.7209 10.3333 11997
86.1436 9.66667 12497
86.4323 8.83333 10998
86.7209 10.6667 16498
87.587 11.1667 11748
87.0096 10.8333 14496
85.8549 9.83333 15499
85.8549 10.1667 17246
86.1436 10.3333 15748
85.2776 9.16667 14999
86.4323 8.16667 10997
85.8549 8.83333 13250
84.9889 10.3333 14246
84.4115 9.66667 17246
84.7002 8.83333 16499
84.9889 10.6667 14497
85.855 11.1667 17249
85.2776 10.8334 12749
84.1229 9.83333 17497
84.1229 10.1667 17996
84.4116 10.3333 12998
83.5455 9.16667 17247
83.8342 8.33333 16749
84.7002 8.16667 16998
83.2568 10.3333 15997
82.6795 9.66667 16749
83.2568 9.33333 16747
83.2568 10.6667 21997
83.5455 10.8333 16246
83.8342 10.6667 16248
82.3908 10.8333 23249
81.8135 10.1667 27000
82.1021 9.33333 18246
82.3908 11.1667 22499
83.2568 11.6667 19497
82.6795 11.3333 16998
81.5248 10.3333 26749
81.5248 10.6667 25748
81.5248 11.3333 23999
80.9474 9.66667 24250
81.2361 8.83333 18496
82.1021 8.66667 20496
80.6588 9.83333 21000
80.6588 10.1667 23749
80.9474 10.3333 24748
80.0814 9.16667 23249
80.9474 8.66667 20997
80.6588 8.83333 21746
79.7927 10.3333 30000
79.2154 9.66667 29498
79.5041 8.83333 24497
79.7927 10.6667 27247
80.6588 11.1667 21748
79.7927 11.3333 27999
78.9267 9.83333 30747
78.9267 10.1667 29248
79.2154 10.3333 26496
78.3494 9.16667 27247
78.638 8.33333 28248
79.5041 8.16667 21999
78.0607 10.3333 33248
77.4833 9.66667 29249
78.0607 9.33333 28997
78.0607 10.6667 31499
78.3494 10.8333 28747
78.638 10.6667 25248
77.1947 10.8333 31000
76.6173 10.1667 31747
76.906 9.33333 30998
77.1947 11.1667 32000
77.4833 11.3333 30249
77.772 11.1667 30498
76.3286 10.3333 34247
76.3286 10.6667 37997
76.3286 11.3333 33499
75.7513 9.66667 33747
76.04 8.83333 32748
76.906 8.66667 31750
75.4626 9.83333 31997
75.4626 10.1667 37249
75.7513 10.3333 36248
74.8853 9.16667 33248
75.7513 8.66667 36498
75.1739 8.33333 32500
74.5966 10.3333 36747
74.0192 9.66667 35998
74.3079 8.83333 35500
74.5966 10.6667 37247
74.8853 10.8333 32746
75.4626 11.1667 35497
73.7306 9.83333 37497
73.7306 10.1667 38249
74.0192 10.3333 37997
73.1532 9.16667 37998
73.4419 8.33333 38997
74.3079 8.16667 39497
72.8645 10.3333 44499
72.2872 9.66667 42999
72.8645 9.33333 44747
72.8645 10.6667 40997
73.1532 10.8333 39499
73.4419 10.6667 43248
71.9985 10.8333 39498
71.4212 10.1667 38749
71.7098 9.33333 44750
71.9985 11.1667 42248
72.8645 11.6667 41749
71.9985 11.8333 38998
71.1325 10.3333 42249
71.1325 10.6667 39746
71.1325 11.3333 40499
70.5551 9.66667 41999
70.8438 8.83333 45498
71.7098 8.66667 39748
70.2665 9.83333 43248
70.2665 10.1667 40998
70.5551 10.3333 44998
69.6891 9.16667 36999
70.5551 8.66667 38999
70.2665 8.83333 38747
69.4004 10.3333 45246
68.8231 9.66667 40000
69.1118 8.83333 40000
69.4004 10.6667 45996
70.2665 11.1667 43498
69.4004 11.3333 47498
68.5344 9.83333 42000
68.5344 10.1667 44999
68.8231 10.3333 48996
67.9571 9.16667 39997
68.2457 8.33333 42246
69.1118 8.16667 38747
67.6684 10.3333 43246
67.091 9.66667 42997
67.6684 9.33333 43499
67.6684 10.6667 47496
67.9571 10.8333 48499
68.2457 10.6667 48997
66.8024 10.8333 44499
66.225 10.1667 42997
66.5137 9.33333 39998
66.8024 11.1667 52499
67.091 11.3333 53248
67.3797 11.1667 51246
65.9363 10.3333 45497
65.9363 10.6667 47999
65.9363 11.3333 50749
65.359 9.66667 50250
65.6477 8.83333 48249
66.225 9.16667 49248
65.0703 9.83333 47999
65.0703 10.1667 46498
65.359 10.3333 43998
64.493 9.16667 48747
64.7816 8.33334 46748
65.359 8.66667 52247
64.2043 10.3333 50999
63.6269 9.66667 50500
63.9156 8.83333 46749
64.2043 10.6667 48247
65.0703 11.1667 39997
64.2043 11.3333 45749
63.3383 9.83333 51750
63.3383 10.1667 48000
63.6269 10.3333 48498
62.7609 9.16667 49747
63.9156 8.16667 41998
63.3383 8.83333 45747
62.4722 10.3333 51748
61.8949 9.66667 51498
62.1836 8.83333 52247
62.4722 10.6667 51498
62.7609 10.8333 52248
63.3383 11.1667 43998
61.6062 9.83333 46250
61.6062 10.1667 46250
61.8949 10.3333 52749
61.0289 9.16667 44497
61.3175 8.33333 45748
62.1836 8.16667 48250
60.7402 10.3333 45997
60.1628 9.66667 42000
60.4515 8.83333 45250
60.7402 10.6667 50998
61.6062 11.1667 53248
61.0289 10.8333 52747
59.8742 9.83333 42497
59.8742 10.1667 46999
60.1628 10.3333 52749
59.2968 9.16667 48996
59.5855 8.33333 48246
60.4515 8.16667 46248
59.0081 10.3333 46246
58.4308 9.66667 46998
59.0081 9.33333 45999
59.0081 10.6667 50496
59.2968 10.8333 52249
59.5855 10.6667 51999
58.1421 10.8333 52498
57.5648 10.1667 47997
57.8534 9.33333 46749
58.1421 11.1667 48497
59.0081 11.6667 44748
58.1421 11.8333 46249
57.2761 10.3333 52247
57.2761 10.6667 49750
57.5648 10.8333 47750
56.6987 9.66667 51750
56.9874 8.83333 50250
57.8534 8.66667 49246
56.4101 9.83333 51246
56.4101 10.1667 51746
56.6987 10.3333 46746
55.8327 9.16667 49498
56.6987 8.66667 48997
56.4101 8.83333 51246
55.544 10.3333 51499
54.9667 9.66667 50000
55.2554 8.83333 46248
55.544 10.6667 48998
55.8327 10.8333 44248
56.4101 11.1667 40996
54.678 9.83333 46997
54.678 10.1667 47996
54.9667 10.3333 46246
54.1007 9.16667 48499
54.678 8.83333 46996
55.2554 8.16667 43500
53.812 10.3333 48997
53.2346 9.66667 51749
26.3767 2.8297 15247
26.0905 3.66594 14588
95.9573 2.32494 754
95.0858 1.84187 1720
95.659 2.16824 245
96.8218 2.14849 750
97.4015 2.8303 247
96.8245 3.16643 748
33.3232 2.17262 13119
33.0283 2.33007 11699
33.0277 2.66635 13750
69.1113 1.85009 11449
69.9637 1.6774 12207
70.558 2.3278 15129
88.2387 1.78946 4722
89.0437 2.35872 4634
88.7933 2.23341 3286
37.6493 17.3236 15740
36.8261 17.768 10707
37.3973 18.1033 9999
37.9368 17.1626 18531
37.9366 16.8303 21351
37.9353 16.1658 21526
35.6314 18.2229 10971
36.1259 18.4674 13178
35.3343 18.8844 11797
36.2606 18.2119 10473
11.6504 17.3236 2723
11.3704 18.1007 2106
10.8351 17.766 4279
11.9724 17.1832 3617
11.9585 16.8337 4308
11.9573 16.1692 3702
68.8487 1.70669 9181
68.5745 1.84001 10562
67.9906 2.16195 12509
33.5995 1.37391 10223
34.3988 1.23434 12530
34.4312 1.85521 14671
94.7661 1.66118 1129
94.5387 1.88377 947
93.9572 2.21014 1095
75.1817 2.34679 14344
74.3326 1.78446 10188
74.9171 2.22536 8586
76.0378 2.16644 14101
76.0414 3.16913 15496
76.0391 2.83535 16226
73.1332 2.2059 11274
73.8333 0.866025 6843
73.7112 1.77845 6860
74.6525 1.12259 7447
72.8645 3.33333 15383
72.2859 2.62029 16407
72.5533 1.77981 12333
22.9334 2.32985 7586
23.7419 1.65481 8300
23.4806 1.92438 9619
22.6765 3.40803 12149
22.7319 2.53934 7146
22.1797 2.89692 6013
8.20492 17.663 2545
9.04125 17.7795 1347
9.63736 18.2152 1434
83.2563 3.33509 5260
83.2569 4.33392 7502
83.2569 3.66725 6749
83.5358 2.1731 4666
83.2455 2.33567 5382
83.2563 2.66842 6117
98.5566 5.16667 750
99.134 4.83333 250
98.2679 4.66663 749
73.1532 15.1667 24503
74.0191 15.3331 22240
72.8645 15.3333 29499
93.6491 8.66667 1499
92.7831 8.16667 3500
92.7831 8.83333 1998
98.5566 14.1667 748
98.5566 14.8333 499
98.8453 15.6667 998
83.8342 5.66667 13500
83.8342 4.66667 11751
83.8342 5.33333 13247
47.7427 17.928 16353
47.1726 17.1665 18958
47.4615 16.3328 18602
9.93347 5.66657 4749
10.7994 5.83337 5997
9.35618 5.33334 4499
13.3975 7.33334 13500
12.5314 7.83334 10247
13.1088 8.16667 12499
13.6861 7.16667 13749
13.6861 6.8334 11747
13.6861 6.16679 8498
76.6173 8.16667 29250
77.4833 8.33333 28750
76.3286 8.33333 32499
73.1532 13.1667 36747
73.4419 12.3333 39999
74.3079 12.1667 42247
72.8645 14.3333 32000
72.2872 13.6667 29499
72.8645 13.3333 35998
57.5648 14.1667 37250
58.4308 14.3333 36248
58.7195 14.1667 36750
84.4115 6.33333 15999
84.1229 7.16667 13999
83.2568 7.33333 16499
33.6042 16.6693 22959
33.6042 15.6676 24748
34.1826 16.334 24749
33.3299 17.8379 14868
33.61 17.6674 16076
33.6041 17.3361 18184
77.1947 4.83333 16252
77.1947 5.16667 17249
77.4833 5.33333 22247
77.4833 3.66667 16747
77.1948 3.83355 16731
76.6174 4.16688 15490
77.772 2.83333 13019
78.6374 2.66771 12035
79.2141 3.33559 13264
77.4833 2.66667 11153
77.1925 2.83311 11966
76.6154 3.16688 15528
77.772 1.83333 7385
78.6344 1.67293 8394
79.2076 2.3469 8412
36.7848 3.1747 19158
37.6462 3.33333 22109
37.0781 2.34941 17918
47.4612 15.6665 23252
47.4611 14.6667 32502
48.0386 15.3331 26497
33.0274 14.3333 36246
33.3159 14.8337 27243
32.45 14.6666 34246
33.316 13.1667 39997
33.0274 13.3333 43499
33.0274 13.6666 40747
33.6047 12.3333 42746
34.4707 12.1667 42746
35.0481 12.8333 40499
9.35767 2.65831 2685
9.35893 3.66986 2490
9.93719 3.31563 3007
8.4431 1.83039 2124
9.94831 2.22411 4148
9.05769 2.20142 1863
93.3434 2.07229 1118
93.359 2.83596 1474
93.6487 3.66736 1747
19.4596 7.16677 26255
19.7481 6.33383 25744
20.3256 6.66697 24495
19.171 7.33335 24250
19.171 7.66667 22002
19.171 8.33334 21750
36.4915 8.33333 49000
37.0688 7.66667 46999
37.6462 8.33333 48748
24.9445 11.3333 37999
25.8105 11.8333 34746
25.5218 11.6667 29499
5.89283 16.6651 2188
5.89206 16.3331 3511
5.60326 16.1666 1505
8.7789 5.33375 4250
9.35648 4.66719 2996
9.93448 4.33126 3004
10.7994 14.8333 4497
9.93336 14.6667 2999
9.64468 14.8333 1996
18.8823 11.8333 22000
18.5936 11.6667 25997
18.3049 11.8333 23000
15.9955 12.1667 14746
16.2842 11.3333 18997
17.1502 11.1667 17250
15.7069 12.3333 13247
15.7069 12.6667 10496
15.7069 13.3333 10250
42.8423 7.66667 47499
43.131 6.83333 40498
43.7083 7.16667 40747
45.4404 6.83333 45249
45.7291 6.66667 48498
45.7291 6.33333 41747
30.4293 6.83334 37250
30.1407 5.33355 33261
30.4293 6.16667 36504
31.0066 7.16667 40250
30.4293 7.83334 46999
29.852 7.16668 39998
27.539 16.1672 22553
27.5425 15.1665 25518
28.1163 15.8336 22674
27.2539 17.3333 14713
27.5394 17.1708 13544
27.539 16.8339 16532
26.9787 18.1599 11711
26.1385 18.3129 10853
25.5505 17.6528 11834
56.4101 6.83333 43000
56.4101 5.83333 35497
55.8327 6.16667 36000
55.8327 7.16667 40250
56.6987 7.33333 44997
57.2761 7.66667 44997
50.0592 7.83333 47499
50.0592 7.16667 38246
49.4819 7.83333 40748
31.8737 2.6676 18954
31.8735 3.66804 23980
31.8737 3.33427 23015
30.9755 1.84285 13846
31.8556 1.66425 14720
32.4521 2.32648 15191
64.2043 7.66668 45001
64.493 7.83334 43499
64.7816 7.66668 47247
63.3383 7.83334 47253
62.761 7.16681 46991
63.3383 6.83348 41509
58.7195 16.1667 28312
58.4308 15.6667 29998
59.2968 15.8333 25750
58.4352 17.3291 16538
58.7195 17.1667 18103
59.2968 16.8333 22762
94.5246 17.8165 752
94.5153 16.8326 1506
94.5205 17.1568 986
95.3184 18.6775 533
94.4142 18.8212 1330
94.5005 18.1196 1251
92.4944 11.6667 4248
93.0718 12.3333 4748
92.7831 13.1667 3748
90.1859 3.33474 3526
90.185 4.33333 3000
89.6085 3.66808 3500
90.4768 2.17196 2930
90.1887 2.34181 3930
89.6129 2.67796 4703
82.9682 12.8334 13742
82.1022 12.3333 16248
82.6795 12.6666 17498
84.4125 13.3348 10005
83.5456 13.1667 14740
84.1239 14.1686 12011
59.2968 15.1667 33997
60.1628 14.6667 40246
59.8742 14.8333 41746
89.3191 13.1666 5748
90.1851 13.6666 6250
89.3191 13.8332 5498
88.453 12.3333 8998
88.453 12.6667 10248
88.7417 12.8333 7248
90.1854 17.3302 3171
90.1866 16.329 2747
89.6111 16.6579 2252
91.0717 18.1663 2203
90.1859 18.3373 2689
89.5967 17.6717 3688
24.9707 17.3441 10951
25.3201 18.1102 6004
24.7403 17.8015 5821
1.91995 5.29436 730
1.45922 4.62613 226
1.92695 16.3333 1174
1.92695 15.3333 750
1.50258 15.6667 729
1.92695 13.3333 839
1.92695 14.3333 249
1.92695 10.3333 1208
1.92695 9.33333 946
1.50258 9.66667 707
1.92695 8.33333 499
1.91998 7.32897 702
1.49561 7.6623 220
5.66327 17.7605 1425
6.47946 17.3261 1541
6.2462 18.1049 1085
57.8755 2.35742 18441
57.6288 2.2407 12514
57.1061 1.80271 10848
58.7375 2.17636 21506
59.2848 2.83582 23270
58.7158 3.17044 22217
58.7689 1.8428 15765
58.4707 1.66465 15202
58.216 1.89632 9504
59.6541 1.68494 13172
60.1909 2.38199 17908
59.5822 2.68386 20015
22.6708 17.67 11171
22.9222 17.8464 11318
23.5553 18.2874 15144
21.7676 17.7895 9606
21.1906 17.1584 10277
21.7682 16.8318 13482
45.684 2.31099 18864
45.3756 2.24082 12227
44.7814 1.896 12930
46.5279 2.0824 18538
46.593 3.17029 23065
46.5932 2.83663 17578
10.8307 2.20982 1731
10.5166 2.65463 3826
10.2624 1.7793 1819
58.2136 18.1222 10681
57.1616 17.6124 15794
57.5701 17.8345 10226
56.8053 18.1639 14445
1.92456 5.64004 1007
2.73861 6.15238 517
1.94869 6.30307 986
46.7432 1.12829 11981
46.5014 1.78929 14290
55.8789 2.20836 11470
56.5027 1.78944 10572
39.6152 1.89963 15974
38.8076 1.33671 15665
39.66 1.19077 13653
40.5073 2.30725 22219
40.8185 3.1745 20960
40.1909 2.23573 17809
83.8272 1.33613 5135
84.6817 1.20084 5246
84.6469 1.90494 4568
58.6977 18.1051 10986
58.2418 18.7963 8698
59.2662 17.7803 11265
4.21528 18.9093 1103
4.47109 18.2338 786
11.8405 1.87379 3004
11.3697 1.89085 1688
11.7963 1.1908 2450
12.8679 2.64559 3946
12.8853 2.38453 3289
12.4851 2.15735 3387
13.2151 1.83099 3158
12.4842 17.8416 2982
11.3243 18.7825 1649
11.8402 18.1224 1938
12.8388 16.6551 5775
13.4598 17.2068 5860
12.8137 18.3872 3923
12.8906 17.6131 3772
58.8243 0.872054 10562
2.71648 11.1667 249
1.92695 11.3333 500
1.50258 10.6667 1208
2.4278 11.6667 1097
1.92695 12.3333 872
1.50258 12.6667 479
50.1521 1.78256 11543
49.1208 1.34474 12517
50.9252 2.66667 19882
50.9251 2.34472 16391
50.6774 2.22127 12089
48.1553 1.50991 13293
48.7827 1.34309 11458
60.8322 18.6595 12650
59.8003 18.2216 14612
61.8055 18.4885 12880
61.179 18.6573 9343
62.1894 17.1838 19953
62.7953 17.783 11239
61.1187 2.03716 18166
60.7662 2.78362 20380
61.3932 1.94402 13956
61.4156 1.65324 10732
61.652 1.06128 7793
61.925 2.64414 15142
60.7526 3.39273 21403
61.3761 2.83043 23533
62.1708 2.15869 15563
62.537 2.81426 13704
61.9088 2.08242 11777
17.768 17.7821 6306
16.7992 18.5079 3605
18.0159 16.6675 11471
18.5899 17.3146 9352
18.338 18.0781 6010
15.8039 18.7203 5180
16.1835 19.1806 2065
21.7254 18.1127 8639
22.0087 18.1959 5423
22.5116 18.5487 5959
20.7871 18.2728 6804
20.258 17.5934 8399
20.6031 16.8195 9734
20.7581 18.5164 3577
21.2098 18.7403 7360
20.3942 19.0536 4715
21.348 18.5427 6233
19.9745 17.7662 6225
19.9399 18.0396 4672
20.2029 18.1428 3800
0.992514 4.32577 241
1.21068 5.81107 505
47.7099 18.2136 13619
48.3418 18.2188 9121
83.511 1.23532 2411
82.3672 2.18121 7926
82.3888 2.8467 7457
81.5192 2.38685 6501
80.9736 1.84739 5128
81.5084 1.49682 3129
74.9113 17.7857 12933
73.3766 18.8757 8872
75.1737 16.6662 13334
75.7551 17.3265 12325
75.4964 18.1056 11534
43.1133 17.8293 16579
92.7312 1.78804 1191
93.3628 1.78244 680
38.4972 1.24025 11101
7.77377 1.91128 2385
7.9143 2.17609 2121
88.6075 1.13802 2385
87.0076 2.19871 3075
50.6209 17.8265 15987
50.9135 17.6591 17629
50.9218 17.3291 17426
50.9218 16.6624 21892
51.4705 18.3285 14907
51.1602 19.1262 13812
51.7112 18.1128 11112
51.8097 17.1468 19570
52.3626 17.772 12267
76.5879 1.82774 10507
41.9839 2.22112 13360
41.6866 3.33836 21059
41.0939 2.62694 23667
41.3782 1.78394 14867
43.9383 1.32316 13943
43.599 1.22762 7679
71.4614 18.8471 11297
71.8734 18.1988 10351
28.0901 17.8008 8107
28.3966 17.3476 15103
28.6667 18.2469 9069
28.3958 16.6737 16133
26.1309 18.6634 8464
26.447 18.7599 8647
38.5118 17.825 16522
38.7999 17.6569 13788
38.5131 17.1635 18578
39.3766 17.3258 15296
30.4113 2.19702 13442
91.6467 17.8253 1180
92.4989 17.6201 1121
93.0401 18.1569 1273
92.5056 18.5171 1210
88.7705 18.0956 3508
89.2622 17.8278 3943
88.5443 18.3493 4063
88.7313 18.6924 3514
31.5412 18.1932 13811
97.4015 17.8361 972
97.6914 17.6675 977
97.6902 17.3361 747
97.4015 17.1697 752
98.0807 19.1628 245
96.822 1.81655 730
97.6918 1.66858 734
98.2704 2.33716 500
97.9792 3.16643 251
97.725 1.30697 287
25.818 1.81205 11964
26.7037 1.67131 10492
27.2748 2.35833 13662
26.6736 2.67151 15532
28.2052 1.9534 11190
27.8639 2.72424 13726
28.4977 1.81071 9040
28.676 0.974241 4012
28.4832 1.5534 6354
77.1925 2.16644 10528
29.5895 2.42454 11776
29.5274 1.54265 6773
29.0255 1.88877 7619
78.6625 1.32484 9628
78.3811 1.22677 5282
79.5576 1.19074 8605
79.4909 2.18954 6267
79.5015 1.88692 6936
31.2519 18.3439 13108
31.2269 18.7023 13429
31.5274 18.812 8261
34.1965 17.663 15304
35.033 17.7951 10978
23.9324 0.850556 7777
95.6137 18.7734 454
94.9742 0.865543 1407
33.3542 1.24528 6792
69.1253 0.956395 7837
71.4586 1.76282 14599
71.1629 2.60632 16936
71.7322 1.57718 13614
71.7361 2.23214 13420
34.3419 0.953488 8497
68.1161 1.21759 7787
28.1567 2.89774 16674
30.4265 18.1031 11696
30.3765 18.8199 11045
28.9732 17.7937 18689
29.8641 17.7939 12979
29.2636 16.8405 17551
97.6906 6.33333 749
98.5581 17.1642 749
97.9792 16.8336 748
94.8038 8.33333 1998
95.0925 8.16667 2999
95.0925 7.16667 2497
95.6699 7.83333 2996
69.1118 5.83333 32999
70.2665 7.16667 34996
69.9778 6.33333 35247
69.9778 5.66667 33499
84.7002 6.16667 13999
58.7195 14.8333 34246
91.9171 7.33333 2000
66.5137 6.66668 42747
67.091 6.33334 36999
98.5605 2.17297 1000
98.2679 3.33329 749
47.1396 17.7856 13042
51.5026 3.33333 21617
51.7854 2.20078 20934
52.3563 2.85723 22880
51.7899 3.1679 23419
51.7401 1.91218 14131
51.2545 1.91072 9945
51.7396 1.23816 12027
53.1767 2.23289 24624
52.3069 2.24541 15118
52.9394 3.16002 23226
51.7913 4.16667 30027
51.7899 3.83457 24448
85.2776 6.83333 11997
85.5662 6.66667 12748
85.5662 6.33333 13497
86.1436 7.33333 11498
85.8549 8.16667 14999
86.4323 7.16667 11498
86.4323 6.83333 10247
86.4323 6.16667 14749
87.0096 7.83333 9999
87.2983 7.66667 8999
87.0096 7.16667 8246
87.8756 7.33333 7747
97.6906 13.3333 749
97.6906 12.6667 1248
36.4915 5.33333 27250
31.2953 12.6666 44497
31.2953 13.3333 41749
30.718 12.3333 44247
29.8519 12.1667 49000
30.1406 11.3333 48500
61.8949 11.3333 55747
62.4722 11.6667 53747
35.3368 6.33333 39997
24.3671 11.6667 35249
30.7181 13.6665 37995
39.9556 13.3333 45500
40.5329 11.6667 44746
28.6973 7.1667 34749
27.8312 7.33335 35747
28.9859 7.33337 36498
29.2746 7.1667 40247
29.2746 6.83337 37749
28.6972 8.16668 39498
62.7609 13.1667 47248
62.4722 13.3333 48997
35.3368 11.6667 45000
35.3368 11.3333 43750
35.9141 11.6667 43498
36.7801 11.8333 39748
6.76133 17.1625 1740
7.34934 17.8312 1512
7.07748 18.6776 1627
6.24738 18.8023 717
7.62887 17.6636 993
7.62703 17.3301 1025
7.41212 18.7744 1684
52.649 15.6524 25554
53.2238 15.3185 26709
52.3771 16.7881 20318
52.5984 16.5498 15298
53.1801 16.229 16698
23.7899 14.6668 21749
29.2746 7.83334 46998
88.1644 13.1666 6999
5.89199 15.3332 999
58.7142 3.83437 23917
23.2124 7.33333 31498
23.2124 6.66667 30746
19.7483 12.6667 19746
39.0899 16.8324 20540
24.3671 6.66667 27750
23.7898 6.33333 26749
84.7003 11.1667 15498
76.0403 3.83393 15255
35.9141 5.66667 29250
15.1295 11.6667 15249
14.8408 11.8333 13246
14.8408 12.1667 12497
15.1295 12.3333 9999
3.00515 11.3333 1034
1.92695 17.3333 724
1.50258 16.6667 955
2.75589 18.1003 574
2.00829 18.2924 482
1.50258 17.6667 694
2.98954 18.1843 445
3.85223 17.8071 213
3.49497 18.5253 484
2.34077 18.7224 589
1.51832 18.7384 569
2.4948 18.5226 846
23.7898 11.3333 33499
16.2842 13.6667 15496
16.8615 14.3334 14999
41.1103 11.3333 49999
39.3782 6.66667 40246
17.1497 15.8344 11990
6.46926 8.66667 3250
5.31456 9.66667 2500
5.60323 9.83333 2498
88.453 11.6667 7749
87.8756 11.3333 8249
16.861 15.6677 11503
31.0066 7.83333 39249
9.33669 18.8809 962
14.5522 12.6667 8999
8.77876 5.66684 3997
8.20171 5.33404 2748
12.5314 12.1667 10247
11.9541 11.8333 8496
12.8201 11.3333 9248
13.6861 11.1667 9746
14.2635 11.8333 8999
41.6669 1.11889 13335
5.02588 10.1667 1999
4.44853 10.8333 1000
1.94141 3.33333 652
1.94224 3.66667 233
1.94085 2.33333 211
1.50258 2.66667 233
2.49753 1.47935 436
3.25603 1.91762 555
2.99189 1.81767 876
1.846 0.814113 577
2.01099 1.70759 270
2.65406 0.911808 219
3.83958 2.22809 746
4.36038 1.90594 1150
4.82959 1.22339 1433
4.88778 1.92516 880
4.44853 6.16667 1751
3.58376 6.33177 1501
1.07821 9.33333 478
1.07821 13.3333 229
5.82202 1.77303 1640
5.45145 2.23463 811
5.49721 1.14656 1514
16.6667 1.15203 4809
15.8333 2.00693 5569
16.1667 2.00468 7867
16.3333 1.72938 6705
15.1262 2.56371 6286
14.2489 2.27518 4658
14.1599 1.39752 4337
15.3333 2.77642 6995
16.3333 2.85467 10645
15.6667 3.38135 10784
14.0835 2.47544 3010
14.3341 2.89583 5514
13.4584 2.79297 4077
14.5858 2.79044 5632
13.8445 0.848328 4041
85.1225 18.0091 5839
85.7406 17.3856 4461
86.6588 17.6776 2669
84.8339 18.1245 5637
84.8341 18.5964 4501
84.1692 18.1418 3697
85.5699 17.1 4995
85.2865 17.0889 5829
87.3506 17.7025 4607
87.661 17.6924 4538
88.3801 17.7145 5448
87.6728 17.2049 3043
14.2761 16.7961 6734
1.50258 8.66667 499
70.7565 18.7657 7409
83.3365 18.3308 5289
84.1694 18.6136 4718
83.176 18.0447 5829
82.8542 18.1131 5589
83.8482 17.5697 4799
6.75793 11.8333 3497
8.77866 11.3333 5250
6.46926 11.6667 2496
85.855 11.8335 14746
86.4323 11.1667 16999
1.50258 14.6667 249
23.7898 13.3333 25249
26.0985 4.33324 16473
12.5344 15.8363 5293
63.9143 16.1633 22145
80.6588 12.1666 21248
80.0814 11.8333 25747
47.7498 6.83333 39247
46.5951 6.16667 40250
56.5687 17.2044 13079
62.5317 3.42227 16062
68.2457 11.3333 45248
62.7609 11.8333 52498
62.4722 12.6667 53496
93.9297 17.7735 1088
93.5751 18.4729 1460
80.4128 1.5286 6020
29.323 0.972568 4281
79.7927 11.6667 24998
80.9474 11.3333 24999
52.7329 18.3066 11071
47.146 2.20689 14218
46.3061 4.33394 26744
72.8651 3.6657 13051
72.8651 4.33237 17478
60.7402 14.3333 42999
14.0256 17.52 4011
62.4724 6.66701 39000
77.1947 6.16667 22000
1.50258 11.6667 229
37.6463 15.3331 33246
29.8519 8.16667 46247
1.95921 6.63996 748
17.7276 8.16667 18999
86.3354 18.2608 2235
63.8761 18.0798 11355
63.3193 18.7941 9937
56.1728 18.1265 11521
55.9277 17.5246 10485
56.3118 18.3453 10821
56.1597 18.601 8730
53.7391 16.6223 17213
54.9763 16.2446 23212
52.6658 17.2277 12345
52.8148 18.0006 16111
53.3667 17.2229 12286
54.6726 17.2308 15208
54.3741 16.6366 15465
53.6822 17.1585 15965
55.2093 17.9889 14916
55.3319 18.2899 10396
54.8774 17.4407 18313
53.6667 18.2679 17097
53.832 17.9982 17377
54.1674 17.995 16950
53.3333 18.8453 16509
28.3424 18.8846 9607
23.2684 18.9395 11670
18.8403 18.0693 5913
18.3108 18.781 5593
13.836 18.0868 2873
13.2201 18.1587 2883
14.0948 17.9846 2741
13.3625 18.8839 2288
9.64833 1.76722 1185
1.06204 17.3332 254
1.07821 15.3333 499
1.07821 11.3333 229
11.9541 11.1667 8499
66.7338 1.75333 11357
22.6499 1.96583 4060
21.7581 2.47832 5647
21.7244 2.73437 6478
22.0549 1.90915 4780
21.1714 1.43956 9987
21.324 1.71134 9085
20.802 3.38707 7909
21.3849 2.8321 7970
21.1756 1.99592 7960
20.3307 1.73758 8259
19.2212 3.51926 7192
19.6977 2.85884 7123
20.4147 2.81311 7016
20.1773 2.0222 9364
18.8231 1.44068 5422
19.1557 1.44107 7371
19.3212 1.73236 9743
18.5278 2.81082 5945
19.2335 2.86252 8743
19.1473 2.03673 8911
17.5503 3.38463 5960
18.2217 2.87344 6895
18.1661 1.44236 5955
18.3285 1.72987 5898
18.1375 2.01256 5535
17.8262 2.01315 5199
17.3091 2.79144 5970
17.1595 2.00869 6318
16.6568 2.77272 8527
13.824 1.87034 2494
13.685 1.65041 3950
34.1821 11.6667 41750
34.4707 11.8333 43998
49.7705 11.3333 51746
10.222 7.83333 4997
22.3464 6.16667 26502
22.3464 6.83336 29247
22.3464 7.16669 32747
21.4804 6.33349 23004
17.1502 7.83334 16748
17.1503 6.83364 13998
17.1506 6.16773 14249
17.1502 7.16668 15002
16.2844 6.33378 13993
16.5729 8.16667 16250
16.8616 7.33334 13750
16.2842 6.66673 13999
14.8408 6.83339 11248
15.1295 6.66675 10246
15.4182 6.83336 11749
15.9955 7.83333 12500
15.4182 7.16667 11499
63.3595 18.0769 11602
63.6186 17.3098 17734
38.8009 7.33333 42250
56.4101 8.16667 47996
63.3383 12.8333 41747
63.3383 12.1667 43496
63.3383 11.8333 44498
64.2043 13.3333 44749
65.0703 13.1667 45747
64.2043 12.6667 40997
63.6269 11.6667 39748
64.2043 12.3333 42499
36.4915 7.66667 47498
55.8327 7.83333 45247
54.678 8.16667 47496
78.0581 15.6669 18256
48.3272 7.16667 45000
82.6795 7.33333 21750
25.3048 18.8111 5851
50.3479 11.6667 48747
52.3686 11.8333 49246
51.7913 11.1667 49750
50.9252 11.3333 49750
50.3479 12.6667 42500
50.3479 12.3333 49747
50.6366 12.1667 52246
51.7913 12.1667 49996
50.9252 12.3333 43996
98.5566 7.16667 500
98.5566 7.83333 1000
97.1132 11.3333 1500
98.8453 12.6667 1248
98.2679 12.3333 1750
97.9793 12.1667 1746
97.4019 11.1667 1249
97.9793 11.8333 1499
17.7276 7.16698 15744
18.3049 7.83334 21253
18.305 6.83367 14996
18.5935 6.66709 16747
79.2154 11.3333 25497
78.638 11.6667 25999
56.4101 11.8333 41497
56.9874 11.1667 44996
55.8327 12.1667 45500
56.4101 12.8333 45497
56.9874 13.1667 40998
67.091 4.33335 28960
42.5536 12.8333 48250
44.863 11.8333 50996
44.863 11.1667 55247
43.4197 12.6667 51997
44.772 1.19954 13215
49.1932 13.3333 44746
49.7705 12.3333 46999
49.1932 11.6667 48246
49.1932 12.6667 45000
48.9045 12.8333 42998
48.3272 13.1667 38496
46.0177 14.1667 39748
57.2761 8.33333 41500
72.2872 7.33333 41498
61.8952 6.33382 36248
35.0152 2.177 18895
36.6203 1.13517 10721
36.8257 2.23054 10848
36.259 1.78634 13300
37.3575 4.16667 21294
55.2554 6.83333 41499
55.2554 7.16667 43749
54.9667 7.33333 42496
53.812 7.33333 45249
54.678 7.16667 41996
21.1899 16.1634 13743
42.2649 3.66882 26244
61.6062 13.1667 41747
61.8949 12.3333 47247
61.3175 11.6667 49747
60.7402 13.6667 41500
61.0289 12.8333 45498
32.45 13.3333 38999
32.1614 13.1667 36498
32.1613 12.8333 38250
32.45 12.6667 40000
67.3781 1.70376 14027
67.665 2.65597 13769
67.6684 15.6666 30753
81.8068 16.7133 7966
39.9557 16.6661 20266
65.9363 8.33334 44747
80.6588 12.8332 23998
80.9475 12.6666 22497
80.0815 13.1666 22999
80.659 13.8329 22496
80.9474 6.33333 23747
80.3701 6.66667 25997
74.8853 11.8333 37496
74.3079 11.1667 39996
84.1233 12.8339 14997
85.2779 12.1671 14999
84.7004 11.8335 12997
84.412 12.6672 16489
87.8757 12.3333 10497
87.2983 11.6667 10750
86.4323 11.8334 12499
85.5666 12.3338 10739
86.1436 12.6667 12244
76.3286 7.33333 29247
75.7513 7.66667 30748
96.5359 11.6667 1000
97.4019 11.8333 998
48.0385 14.3333 33500
62.4723 7.33339 45497
61.8949 7.66673 45996
62.7609 7.83334 44250
63.3383 8.16667 45001
19.425 17.7734 6530
19.1673 17.648 8036
19.171 17.3333 8032
19.4588 17.1656 9679
56.9874 13.8333 39250
68.8231 12.6667 39249
68.8231 11.6667 41998
69.4004 12.3333 37498
70.8438 13.1667 34499
70.2665 12.1667 36500
70.2665 11.8333 41000
70.2665 12.8333 34498
71.9985 13.1667 27498
71.4212 12.8333 30246
71.1325 12.6667 35499
70.5551 11.6667 43748
71.1325 12.3333 37997
14.2635 7.16673 13998
14.5522 7.33333 11500
14.5522 7.66667 12998
14.2635 7.83333 10999
46.0841 19.1308 8197
43.6664 18.1685 17952
45.4387 17.8264 13689
46.5536 18.104 10634
46.321 18.3284 11070
46.0088 18.1472 12907
53.8801 0.840974 11623
53.2793 1.51954 13918
54.1053 2.81223 22777
53.8141 2.64385 25272
53.7891 2.26621 17309
54.2459 1.33253 12503
54.0995 2.17628 14599
55.3103 1.76112 13573
63.9055 0.880428 10226
62.7828 2.3288 18158
63.3492 1.92614 17161
63.6383 1.67757 17798
62.7991 3.23639 18903
63.3599 2.87635 19370
68.2457 11.6667 45246
68.2457 12.3333 44997
71.363 17.7786 9804
70.7785 18.0894 9241
70.2786 18.7659 9216
70.3006 18.0896 9042
64.4559 17.7627 12595
63.9128 16.8268 19994
64.187 17.6238 16046
65.0699 16.827 19364
65.3596 16.6625 18782
64.4812 17.1408 17289
65.1129 18.8591 12877
65.0494 18.1056 12201
65.0704 17.8082 16508
66.4917 18.5163 6063
66.3393 18.7218 9934
65.9934 18.6557 14650
65.6482 16.8285 21057
65.3647 17.6513 17859
65.9617 18.2789 14295
67.5194 18.525 5598
67.0331 18.1833 5510
66.8003 18.0956 12528
68.2514 18.9097 14239
69.7303 17.7789 9545
66.5136 16.3309 23403
66.2229 17.1573 20622
66.7879 17.782 17816
67.9096 17.802 11633
68.5233 18.2376 14365
67.6665 17.6311 15987
67.6684 16.3332 24285
67.0918 16.6646 22842
67.6736 17.3204 19730
69.1118 17.1667 13528
68.8436 17.3785 18361
68.5368 17.1607 16069
69.6891 16.8333 16310
86.3957 1.77764 1915
86.6679 1.1094 2849
85.2226 2.24115 4800
10.7994 8.16667 7498
87.587 6.83333 7746
88.453 6.66667 6998
78.05 16.3339 12216
82.0608 17.4435 3780
82.1401 18.0761 4169
81.249 18.753 4810
81.8373 18.5893 4998
81.2356 17.0183 6245
81.2794 17.6061 4969
81.319 17.9224 4366
80.3782 16.5866 9343
79.8169 17.2399 10606
80.3915 17.2078 7381
80.8451 18.7477 3861
81.0249 18.0043 3886
80.4134 17.5017 7052
79.2371 17.6303 9884
79.534 17.7678 7059
78.6309 16.6554 14031
78.6323 17.3231 10141
78.6393 17.6558 8504
77.1949 16.8343 13042
77.4826 16.6677 13360
77.7674 16.8345 11338
78.3588 17.8343 8111
77.7681 17.1684 10880
76.5812 18.7625 5394
76.6186 17.1644 10748
76.9074 17.3316 8531
76.9073 17.6684 6878
75.426 18.8061 9858
76.2889 18.6651 8720
76.6144 17.8252 8772
76.0399 16.1666 15773
76.0399 16.8333 12066
76.0406 17.1655 11234
75.1737 16.3329 15260
80.9409 2.71376 6252
80.0741 2.22842 6283
80.3545 2.38781 7922
91.0511 14.1665 6747
90.4738 13.8332 6999
83.2568 7.66667 17247
67.091 5.66668 27747
67.6684 4.66667 29688
67.6684 5.33334 30497
65.6142 1.87818 8861
66.1865 2.20798 11802
67.0526 2.19778 17004
66.5104 3.32266 21415
66.5137 3.66669 27123
66.5053 2.65244 19560
64.793 1.6828 18723
63.9393 1.85766 16049
63.6431 2.67503 17614
65.359 2.66672 16800
65.6452 2.83162 17768
64.7817 2.33338 15973
64.208 3.3337 17866
64.4931 3.16695 18633
91.9171 14.3333 3749
71.9985 13.8333 28498
72.8645 14.6667 27497
25.805 2.14561 12659
24.6446 2.16362 7877
24.0709 1.83876 8670
24.9435 2.32077 11116
40.2057 17.7856 9064
39.9538 17.6597 13060
39.9556 17.3331 15272
41.3811 18.2199 11477
40.3892 18.8644 12430
41.2137 18.4724 14872
40.7565 18.2133 12867
40.533 16.3328 19617
40.2443 17.1665 16220
40.7951 17.9277 15981
42.5493 18.1208 12780
41.9876 17.7804 12587
41.677 17.702 15331
38.2235 2.33333 17821
38.5067 2.17475 15912
37.6462 2.66667 22128
49.5036 18.1241 12213
48.9337 17.7778 11331
48.6197 17.7011 22097
74.0177 16.664 17136
74.3064 16.8307 15847
74.3065 17.1643 17553
73.1204 17.7778 10857
73.7005 18.22 10688
74.0151 17.3781 17805
42.8423 3.33333 24355
42.5536 3.16774 22012
42.5534 2.83979 19370
43.943 1.6714 16073
43.0923 1.83998 19267
42.833 2.66985 20022
91.5918 1.89563 2833
92.1618 2.2315 1693
92.4768 2.3019 1389
91.0511 14.8331 3748
90.4738 15.1662 2999
91.3397 14.6666 3499
91.6275 17.1558 493
91.3464 17.3297 1497
91.0489 17.163 2737
90.4733 16.1658 3257
91.0508 15.8327 1998
91.049 16.8297 2491
91.9171 13.6667 5998
91.3397 13.3333 4998
92.2058 12.8333 4998
47.7498 6.16667 39500
47.1725 5.83333 36000
46.3064 5.66672 35747
87.0096 3.16667 4577
87.587 2.83333 6161
87.8919 2.61981 4357
46.5946 3.8342 25250
46.8837 4.66672 27751
46.8837 5.33339 30755
81.2362 12.8332 19750
80.9477 13.6662 20246
81.8136 13.1665 17499
97.1132 14.3333 1000
97.4019 14.1667 1000
97.6906 14.3333 1247
95.6699 6.83333 1748
94.8038 6.66667 1246
96.2472 7.16667 749
70.2665 7.83333 42998
69.6891 8.16667 38246
70.5551 7.66667 41248
57.8536 3.66694 21324
58.4328 3.3369 20178
57.8658 2.68805 18886
48.3272 7.83333 45246
48.6158 8.66667 39000
48.9045 8.16667 39746
89.319 11.8333 6247
88.7417 12.1667 6499
89.319 12.8333 5249
11.3767 7.16667 7249
11.3767 7.83334 7249
12.2428 7.66667 9248
65.9363 7.66667 46750
66.225 6.83335 42999
65.359 7.33334 40749
58.1421 7.16667 48750
57.5648 6.83333 49750
57.2761 6.66667 45998
60.4515 11.1667 47500
60.4515 11.8333 50749
60.4515 12.1667 49498
44.2811 17.1673 17280
44.2761 17.8456 16156
45.1478 17.67 20327
66.8024 8.83333 45748
66.5137 7.33334 43748
66.8024 8.16667 47997
44.863 7.83333 40247
44.863 7.16667 39747
43.997 7.33333 42998
55.2554 11.1667 50750
55.544 12.6667 44247
55.2554 11.8333 47500
61.3176 7.33339 41996
61.3175 7.66667 44500
61.3176 6.66673 38503
31.8727 6.66667 37999
31.584 6.83333 36499
31.2953 6.66667 35249
32.4504 3.66658 21008
33.0274 4.33345 24745
33.0277 3.33302 19505
30.437 2.86083 14224
30.7105 2.67746 18677
31.0106 2.8402 20186
31.0074 4.16801 26755
31.5848 3.83465 24273
31.0106 3.17353 23733
46.5951 6.83333 38496
47.1725 7.16667 42996
47.4611 7.33333 44750
31.0067 4.83351 31011
30.718 5.66673 34756
31.2953 6.33333 33501
23.7898 12.6667 34248
24.3671 12.3333 34500
24.6558 12.1667 32500
6.18058 10.8333 3250
6.18058 10.1667 2996
6.18058 9.83333 2496
71.7098 8.33333 43746
52.946 11.1667 46249
71.7098 7.66667 39249
52.6573 9.33333 46999
70.8438 7.83333 44496
52.3686 10.1667 50999
24.3671 13.6667 28747
52.946 10.8333 46749
24.3671 14.3334 25497
54.3893 10.6667 54999
24.3671 13.3333 32498
54.1007 10.8333 55000
44.863 12.8333 46997
53.812 10.6667 51498
44.863 12.1667 52746
53.5233 8.83333 49750
43.997 12.3333 48749
11.0882 15.6664 2504
11.0882 16.3331 2488
11.0888 16.6654 1963
41.3989 12.1667 49249
40.5329 12.3333 49246
40.2442 13.1667 40997
39.6669 11.1667 43997
39.6669 11.8333 46999
39.9556 12.6667 42000
16.8616 13.3333 13748
16.5729 13.1667 12250
16.5729 12.8333 17249
17.1502 11.8333 17246
17.7276 12.1667 17246
16.8616 12.6667 14996
53.5233 8.16667 47498
54.1007 7.83333 46250
53.2346 7.66667 45996
20.037 11.8333 26750
19.4596 12.1667 21747
20.3257 12.3333 21747
3.29383 10.1667 998
3.00515 10.3333 249
2.71648 10.1667 874
4.44853 10.1667 748
4.73721 9.33333 999
3.87118 9.83333 249
7.04661 11.3333 1746
7.91263 11.1667 3747
7.04661 10.6667 2497
75.4626 12.1667 34249
75.4626 11.8333 32497
75.4626 12.8333 30248
80.3701 7.33333 24999
80.6588 8.16667 22996
80.9474 7.66667 19997
2.7361 6.82216 725
3.00641 6.66511 759
2.15875 7.15549 556
36.4915 6.33333 32749
35.9141 6.66667 39996
36.4915 7.33333 43747
6.75793 8.83333 2249
6.46926 9.66667 1498
7.04661 10.3333 2747
8.77866 10.6667 6246
8.20131 10.3333 5247
7.91263 10.1667 4749
39.9556 7.33333 39747
40.2442 7.83333 38996
39.3782 7.66667 41250
24.3671 7.33333 31999
23.7898 7.66667 31997
24.6558 7.83333 28750
37.0689 15.6664 28816
37.0689 16.3331 21352
37.0696 16.6653 18496
5.57175 3.17186 2122
6.17797 2.74233 1878
7.17095 2.11174 1662
6.36325 2.51153 1115
35.6254 8.16667 42996
35.9141 7.33333 44750
35.0481 7.16667 45250
9.93924 17.3784 3602
10.5256 17.6961 4558
10.8039 16.8255 3144
10.222 15.1667 4746
10.222 15.8333 4001
10.222 16.1667 2991
27.5425 8.16667 39000
28.1199 7.83334 33998
27.2539 7.66667 36748
22.0577 7.33336 28248
21.4804 6.66684 24997
20.6143 6.83341 23499
20.037 8.16667 21499
20.037 7.83333 24251
20.3257 7.66667 24501
22.0577 8.33334 31747
21.4804 7.66667 28499
20.6143 7.83333 28000
76.3286 6.66667 27250
75.7513 6.33333 28246
76.6173 5.83333 28496
31.8727 7.33333 42496
31.584 8.16667 38247
32.45 8.33333 41750
4.5165 17.9161 1083
5.35526 17.6905 2505
5.60879 16.8237 1704
4.73721 15.6667 1749
5.02591 15.8333 1249
5.02588 16.1667 1990
2.71648 17.1667 561
4.45735 17.1631 950
4.73721 16.3333 745
3.88 16.8298 243
2.71648 16.1667 829
2.71648 16.8333 517
3.58251 16.6667 249
4.15986 15.3333 748
4.15986 15.6667 1002
3.87118 15.8333 499
2.13913 15.1667 1000
2.71648 15.8333 767
3.58251 15.6667 749
4.15986 14.3333 1249
4.15986 14.6667 1499
3.87118 14.8333 1498
47.4611 13.3333 35749
47.4611 13.6667 36998
46.8838 14.3333 38497
16.8589 16.6721 8693
17.1476 16.8387 9373
17.1478 17.1716 8774
15.6736 18.3763 6341
16.6094 18.2777 7204
16.8785 17.3955 8808
14.8478 17.1393 4538
14.7897 17.9055 4813
15.6634 17.7462 8612
16.284 16.3338 9316
16.283 16.6691 9148
15.9883 16.8482 6811
16.2842 15.3334 12000
16.2842 14.6668 14743
16.284 15.6671 9699
56.4198 2.83367 19462
56.7318 2.62421 16935
56.9931 2.8432 17308
56.9874 4.16667 30496
57.5648 3.83333 22774
56.9874 3.16667 18243
56.9874 4.83333 33247
56.6987 5.66667 34999
57.2761 6.33333 47746
81.5248 6.66667 19750
81.5248 7.33333 18247
82.1021 6.66667 17499
45.4404 13.1667 39499
46.0177 13.8333 45250
46.8838 13.6667 42750
29.2746 11.8333 42000
29.2746 12.1667 37247
29.2746 11.1667 46246
38.2235 7.66667 39499
37.6462 7.33333 41999
37.3575 7.16667 41996
38.8009 6.33333 42999
38.8009 6.66667 41998
38.5122 6.83333 44748
36.7801 6.16667 32997
37.3575 6.83333 38997
38.2235 6.66667 40746
37.3575 5.16667 25497
37.3575 4.83333 24500
37.3575 5.83333 30498
67.6684 6.66667 33997
67.6684 6.33334 30499
67.9571 6.16667 30248
23.2124 13.6667 22997
23.2124 14.3333 23499
23.2125 14.6667 22007
97.6906 7.33333 998
97.6906 6.66667 1250
97.1132 7.33333 1000
22.3474 15.8346 15958
22.058 16.6671 12660
22.6714 17.3569 13481
23.8592 17.4287 15745
24.4355 17.7432 12958
23.5426 17.2082 13824
23.2132 15.3344 20145
22.928 16.1721 17807
23.5264 16.8656 17145
41.9763 13.1667 48500
42.265 13.3333 39998
41.3989 12.8333 42997
93.6491 12.6667 3747
93.6491 13.3333 3748
93.6491 12.3333 3747
43.4197 8.66667 51748
43.4197 8.33333 53496
43.7083 8.16667 47250
91.9171 8.66667 5746
91.3397 7.66667 3500
92.2058 7.83333 3747
42.8423 13.6667 43246
43.4197 13.3333 42746
43.7083 13.1667 41499
12.8201 6.33339 8748
12.8201 6.66669 10249
12.5314 6.83336 8748
11.3767 6.16669 6498
11.3767 6.83334 7249
12.2427 6.66669 7748
34.4707 13.1667 38749
33.6047 13.3333 36248
33.316 14.1667 34246
34.1819 15.3336 27242
33.8932 15.167 29008
33.8934 14.8333 29490
75.1739 7.33333 32997
75.1739 6.66667 31746
75.1739 7.66667 35247
58.1421 7.83333 42747
57.5648 8.16667 45000
58.4308 8.33333 42999
65.359 12.3333 43997
65.0703 12.1667 41749
65.0703 11.8333 42250
45.4404 12.1667 39498
46.0177 11.8333 36747
46.0177 12.8333 38747
56.9874 11.8333 46497
56.6987 12.6667 45500
57.5648 12.8333 38998
85.2776 7.83333 14500
84.1229 7.83333 14499
84.7002 7.16667 12748
82.6795 8.66667 19249
83.2568 8.33333 18497
83.5455 8.16667 15247
88.453 7.66667 7749
88.453 8.33333 6498
88.453 7.33333 7000
97.6905 3.66616 1750
96.8245 3.8331 1250
97.6906 4.33329 1248
50.3479 3.66667 22639
50.6366 2.83333 17259
50.1112 2.06129 18996
97.9792 16.1669 1000
98.2679 15.3333 1247
97.6906 14.6667 1499
69.6891 6.83333 38746
69.1118 6.16667 31998
68.2457 6.33333 37000
73.4418 15.6664 18772
73.4418 16.3331 17608
73.4412 16.6655 12704
94.2265 7.33333 1498
94.2265 7.66667 1748
93.9378 7.83333 1248
97.6906 5.66667 499
98.2679 5.33333 498
97.6906 4.66667 749
97.1132 6.66667 749
96.5359 6.33333 1000
97.4019 5.83333 997
83.2568 6.66667 14246
83.5455 5.83333 14249
82.6795 6.33333 17247
82.6796 4.66725 9242
82.9682 4.83333 11002
82.9682 5.16667 12500
96.2339 18.1819 491
95.659 17.8318 713
95.3832 17.6632 757
61.3205 17.3419 19011
61.3352 17.7181 14054
61.0219 17.8025 17253
7.96426 2.90247 2098
8.1954 2.66984 2533
8.5027 2.85536 3439
2.13913 9.16667 766
2.71648 9.83333 516
3.58251 9.66667 249
2.71648 8.16667 249
2.71648 7.83333 765
2.71648 8.83333 767
3.29852 2.22411 521
2.44223 2.35629 502
2.16054 3.16667 837
3.58376 5.66511 257
3.00641 5.33177 252
2.72403 5.15731 519
2.72371 3.83333 1032
2.71648 14.1667 1248
2.71648 14.8333 1748
3.58251 14.6667 2248
2.4278 12.3333 1837
2.13913 13.1667 1053
2.71648 13.8333 1553
71.9316 17.9202 14071
72.8227 17.6956 12848
73.149 16.8261 15742
93.0752 17.2936 717
93.6623 17.6155 774
93.9433 16.8221 497
82.6066 17.1664 5196
83.2006 17.5583 6507
82.3585 17.0406 9947
48.6047 2.28123 12846
48.9184 2.19782 12633
49.2192 2.28065 17192
47.1721 3.16731 15739
47.7498 2.83333 17608
48.0273 2.61457 21303
32.1478 17.878 17443
33.0251 17.6886 19122
33.3139 16.8371 22056
59.8742 17.1667 23379
59.8309 17.9412 23805
60.7186 17.7206 25374
96.8245 16.8336 998
96.8244 17.1681 999
96.5346 17.3417 1003
12.5672 2.79141 3523
11.9366 2.1578 3361
11.0753 2.335 2215
90.7615 2.33994 2768
90.4737 3.16667 2270
91.3389 2.67327 2310
46.0174 4.16726 24554
46.3044 3.33691 24879
45.7167 2.68811 19015
44.5602 2.67082 17734
43.9829 2.33749 20695
44.8573 2.84323 19393
50.0592 16.8333 23462
50.0592 17.1667 20287
49.7705 17.3333 17303
70.8438 17.1667 14226
70.5516 17.322 13698
70.2665 17.1667 16318
43.7037 16.834 15699
43.1264 17.1673 18693
42.8358 17.331 17979
84.4523 17.1955 5167
85.0773 17.4987 6130
84.6615 16.7857 5350
40.232 2.8548 20015
39.6517 2.19297 20932
38.7961 2.34164 18119
35.6254 2.83333 23306
35.9241 2.61927 20834
36.2074 2.84137 19620
46.0084 17.8171 13943
46.8795 17.6592 18929
46.5952 16.8332 21392
29.8421 17.1665 15383
30.3988 17.8161 13896
31.2587 17.6692 14268
23.5071 3.17852 10299
23.518 2.8722 11831
23.7916 2.66947 11330
93.9376 3.1671 1035
94.5152 2.83333 2032
94.8059 2.67015 2018
54.678 3.16444 21085
54.6804 2.8239 21559
54.9808 2.61005 18800
67.0877 3.65598 20128
67.665 3.32264 15815
67.6684 4.33334 23330
68.5344 2.83333 15207
68.8264 2.67236 12973
67.9571 3.16667 16214
86.4323 2.83333 4889
86.3976 2.07893 4208
85.5373 2.30964 5032
29.0191 2.75843 14071
28.4551 2.43144 12419
28.7208 3.22473 17090
73.7306 3.16667 16221
73.7306 2.83333 17465
74.0195 2.61961 14841
35.6465 17.9278 16561
36.5113 17.6978 16388
36.7848 16.8253 17260
89.897 14.8321 4256
90.187 15.6626 2737
89.8965 14.1664 6498
88.7422 14.1658 7003
88.1649 13.8326 5504
89.0309 14.3325 6259
59.8742 14.1667 38998
60.1628 13.3333 45996
59.2968 13.8333 36997
83.5454 13.8334 12502
82.9682 13.1666 15500
82.1022 13.3332 15504
92.7831 13.8333 2750
93.0718 13.6667 1999
92.2058 14.1667 3497
59.8742 16.1667 24250
59.8742 15.8333 30248
59.8742 16.8333 22333
84.9914 13.6701 11473
84.991 13.3361 10261
85.2797 13.1694 10991
79.5041 12.1667 23500
79.5041 12.8333 24247
78.638 12.3333 25748
45.729 5.33339 33496
45.729 4.66681 32000
45.7291 5.66667 38249
48.0385 6.66667 43747
48.9045 6.83333 46000
49.4819 7.16667 40497
63.627 6.66673 38008
64.2043 7.33335 40250
65.0703 7.16668 41247
8.7792 4.6676 3505
9.06993 3.83782 4019
8.5039 3.19078 3196
44.2857 6.83333 39250
45.1517 6.66667 42999
45.4404 5.83333 41248
29.8597 3.19429 19426
30.1461 3.34282 20168
29.2939 2.89766 15486
30.1414 4.66807 29005
30.7187 4.33468 23276
30.1447 3.67368 22599
18.8823 12.8333 17249
18.8823 12.1667 17998
18.0163 12.3333 16246
17.4389 13.6667 11749
17.4389 13.3333 14996
17.7276 13.1667 13997
17.4389 14.6668 14249
17.4387 15.3337 12497
17.4389 14.3333 10746
55.8425 3.167 16242
56.1214 3.33333 19866
55.2651 2.83367 19981
56.4101 5.16667 32750
56.6987 4.33333 32747
56.1214 3.66667 28518
13.6861 12.1667 8746
12.8201 12.3333 10248
13.6861 12.8333 11496
41.9763 11.8333 49249
41.6876 11.6667 51497
42.5536 12.1667 51497
8.77164 17.3199 3176
9.64118 17.1606 3890
9.93336 16.3333 4216
9.06733 15.1667 3248
9.35601 15.3333 5248
9.35601 15.6667 4002
24.9484 16.6664 13729
24.667 16.8388 13675
24.3788 16.6816 18043
24.0786 14.8335 20997
23.7898 15.6667 18217
24.3671 16.3333 17880
25.8105 12.1667 37498
24.9445 12.3333 36998
24.6558 13.1667 30746
30.1406 13.3333 35248
30.1406 12.6666 37750
29.2746 12.8333 32498
36.4915 4.66667 23247
36.7801 3.83333 22773
36.2028 3.16667 21905
46.0177 14.8333 36997
46.3064 14.6667 35996
46.5951 14.8333 34750
47.1726 15.8332 27492
46.5952 16.1665 24279
46.5951 15.1667 33000
36.2028 12.1667 42247
35.6254 13.1667 44498
35.3368 12.3333 41248
70.5551 6.66667 33248
71.1325 7.33333 40998
71.7098 6.66667 38250
32.7385 15.167 28461
32.7377 15.8351 23416
32.7371 16.1694 19393
75.7514 4.66685 19493
76.6173 4.83333 20251
76.04 5.16667 25500
58.1421 13.8333 33997
58.1421 13.1667 38500
59.0081 13.6667 36500
73.7306 14.8333 28751
73.7306 14.1667 29499
73.7306 13.8333 34498
74.8853 13.1667 31999
74.3079 12.8333 35498
74.0192 13.6667 34497
49.1932 13.6667 38248
48.6158 14.6667 34249
48.3272 13.8333 35498
96.8246 12.1667 1248
97.1132 13.6667 1000
96.8246 12.8333 998
92.2058 7.16667 1750
92.7831 7.83333 2497
93.6491 7.66667 2248
72.8645 12.6667 36249
72.2872 12.3333 32496
71.9985 12.1667 39746
68.5344 5.16667 30750
69.1118 5.16667 29248
68.5344 5.83333 31750
84.6844 2.19405 5863
83.8292 2.34198 5178
83.5455 3.16667 5791
84.4115 4.33333 10249
84.1229 4.16667 7750
84.1229 3.83333 7023
72.2872 15.6667 23748
72.5759 15.8333 22299
72.5759 16.1667 17460
96.5359 4.66667 1497
96.8246 4.83333 748
96.8246 5.16667 998
95.3812 6.33333 1500
96.2472 6.16667 1250
96.5359 5.33333 1499
34.4641 2.17821 18368
33.6014 2.33911 16723
33.316 3.16667 20615
35.0481 3.16667 22577
35.3368 3.33333 22600
34.4707 2.83333 19681
4.98897 2.84793 1143
4.94511 2.20609 706
4.14247 2.37351 484
3.29746 2.84486 998
3.00515 3.66667 1013
3.87481 3.17819 753
34.7603 16.6668 25222
34.7603 17.3335 18243
35.6254 17.1667 16403
75.7527 3.33576 18065
75.1824 2.68124 14581
74.3118 2.84006 13594
10.5112 3.66571 2746
10.5124 3.32501 3420
10.8015 3.16486 1734
81.8145 3.18007 8685
82.6786 3.33742 9013
81.2322 2.8565 9094
92.2052 16.823 1003
91.9145 16.6622 2746
92.7851 17.1509 1014
89.0312 3.33474 3021
89.0409 2.68498 3246
88.1692 2.84179 4823
88.3919 17.227 2890
89.2754 17.1486 2722
89.0508 16.2976 1456
96.5359 3.33333 498
95.9585 2.66667 748
95.0925 2.83333 1759
25.5211 3.33276 15245
24.9445 2.66356 12003
24.0784 2.8319 13619
32.1417 17.186 15603
31.5662 16.8495 17915
32.4454 16.3414 17782
38.2235 3.66667 27295
38.2235 3.33333 24367
38.5122 3.16667 22904
57.1823 17.3514 23908
58.1134 17.1852 24637
58.4308 16.3333 24655
71.9985 17.1667 12653
71.4212 16.8333 12984
72.2872 16.3333 18729
72.2878 3.33237 11167
71.1423 3.31623 14339
71.7374 2.61185 13217
26.1031 17.3331 16490
26.9652 17.1667 17903
27.2539 16.3333 19557
6.82571 2.78426 1380
7.38484 3.23222 1522
7.64096 3.36278 1999
43.4197 3.66667 25271
43.4197 3.33333 24836
43.7083 3.16667 21626
85.2717 3.17675 6560
84.6944 2.84342 5858
84.4115 3.66667 5300
63.0494 16.333 23110
63.0487 16.6647 21315
62.7609 16.8333 21385
93.0701 3.33621 1737
92.4846 2.68373 972
91.6239 2.84121 2257
55.423 17.2139 13202
56.269 17.1035 14944
55.5369 16.5756 17115
48.0398 16.6643 23724
48.6239 17.3193 19386
49.4856 17.1602 19275
3.87118 11.1667 1750
3.29383 10.8333 1750
3.58251 11.6667 1747
4.15986 13.6667 1250
3.87118 13.8333 1497
3.58251 13.6667 1247
3.00515 12.6667 1248
3.58251 12.3333 2247
3.58251 13.3333 1748
80.3567 2.69401 9297
79.7926 3.66684 11052
79.4969 2.84577 9408
87.3274 16.5864 3227
86.0741 16.2844 6762
87.1823 16.8093 4910
86.3191 17.1048 5536
61.3205 16.6752 19062
61.0289 16.8333 22208
60.7402 16.6667 23700
49.7705 3.33333 21316
49.1932 2.66667 19718
48.3272 2.83333 17487
41.1108 16.6645 17868
41.6905 17.3205 17298
42.555 17.1607 20576
7.62393 16.6653 1997
6.47127 16.6632 3494
7.33683 16.8324 3254
87.2987 13.3337 6498
87.2984 12.6667 9749
86.4323 12.8334 10253
89.6103 15.3285 3251
89.0311 14.6653 5003
89.0356 15.6573 2039
88.5005 16.5544 3463
87.922 16.2232 3591
88.7542 15.8117 4626
87.8783 14.6625 6257
88.1669 14.829 5821
88.1683 15.16 6437
86.7621 16.2621 6553
87.6043 16.1368 7381
87.8866 15.3145 6425
87.2989 13.6668 7271
87.2989 14.3334 5790
87.2997 14.6651 7541
85.5682 13.3359 10238
86.1453 13.6688 10014
86.4341 13.8357 10009
86.7759 15.5717 7302
87.0168 14.8218 8904
86.4341 14.169 10769
84.9996 14.3473 10096
85.2886 14.1809 11269
85.5772 14.3474 11303
85.6708 15.6735 6703
85.6943 16.5224 7420
86.1847 15.2621 6832
85.5763 14.6797 9953
84.12 14.8332 8400
84.4093 14.6674 9582
84.7024 14.8396 9538
84.633 16.1657 5649
85.2909 15.9115 6303
84.7291 15.2055 8639
83.5347 16.8242 8277
84.1264 17.1156 7667
84.4 16.3085 6639
83.5456 15.1664 9444
83.833 15.3329 7358
83.8258 15.6659 6511
82.3556 16.7384 11278
83.2377 16.6283 9423
83.5441 15.8301 8858
82.9681 14.1667 13241
82.9686 14.8325 11774
82.9688 15.1656 11379
81.5254 14.3322 18248
81.8141 14.1656 15991
82.1027 14.3324 13506
66.5137 5.33337 28749
66.5137 4.66671 30998
66.5137 5.6667 32998
60.1628 12.3333 51248
59.5855 12.6667 48249
59.2968 12.8333 42997
65.6477 6.16673 42497
65.359 6.33339 42749
66.225 5.83337 40249
77.1947 6.83333 26749
76.6173 7.16667 23497
77.1947 7.83333 30248
49.7705 13.6667 40996
50.3479 13.3333 37749
50.6366 13.1667 40250
45.4404 13.8333 38249
44.863 13.1667 37996
43.997 13.3333 40996
55.544 13.3333 38250
55.8327 13.1667 44247
56.1214 13.3333 41246
5.31456 9.33333 2500
5.89191 8.33333 3250
6.18058 9.16667 3497
7.91263 11.8333 2997
8.20131 11.6667 3747
7.33528 12.1667 5248
23.2124 12.3333 32996
23.2124 12.6667 29246
23.2124 11.6667 32997
10.7994 6.83334 4997
10.222 7.16667 5249
10.222 6.16667 4249
7.91303 5.16735 2005
8.20326 4.33672 2011
7.63549 3.68664 2197
29.852 5.83349 31005
29.2747 6.16684 32748
28.986 6.33351 31498
10.5108 4.66662 2751
10.5108 5.33327 4995
10.5112 4.3324 3480
11.9566 3.16386 2471
11.088 3.33338 2239
10.7993 4.16673 3497
11.3767 5.83337 5997
11.3766 5.16683 5249
11.3766 4.83351 5743
12.82 5.66681 6749
12.5314 5.83345 8498
12.2427 5.66679 6748
11.9565 3.83065 5047
11.6653 4.66689 6232
12.2426 5.33352 5989
13.709 3.21336 5306
12.8397 3.34567 4205
12.5335 4.1646 5023
13.3971 5.3339 8251
13.1084 5.16726 4502
13.1082 4.83425 5750
14.8408 6.16688 10247
14.2632 5.83386 8999
13.9745 5.66717 8506
13.6776 3.84811 6551
13.3959 4.66925 8091
13.9744 5.33407 9266
14.4967 3.42664 5774
15.0704 3.76218 7449
14.2556 4.18008 6641
15.1295 5.33347 7773
14.8407 5.16696 8827
14.84 4.83476 7092
16.2845 5.66741 11002
15.7069 6.33347 9498
15.707 5.6671 8767
15.4037 3.84493 10165
15.1216 4.67851 9120
15.707 5.33372 11036
16.9167 3.76536 8032
16.3234 3.38216 7426
15.997 4.1547 8670
16.8626 5.33586 12510
16.5738 5.16899 12300
16.5738 4.83548 11285
17.7283 5.83565 12000
18.3049 6.16774 13250
17.4397 5.66906 12050
17.2067 3.84854 12317
16.8719 4.68179 11604
17.44 5.33642 11017
18.6642 3.80194 5626
18.1464 3.40519 6404
17.7697 4.16681 10869
18.5928 5.33493 13581
18.3045 5.16889 13011
18.3065 4.83998 10821
19.7476 5.66816 22246
19.1708 6.33392 17494
19.1703 5.66825 14849
18.8955 3.92159 6988
18.6007 4.68886 9359
19.17 5.33514 12963
19.6854 3.51558 6509
20.242 3.79462 10266
19.4535 4.21905 9479
20.3256 5.33474 18613
20.0367 5.16837 16917
20.0351 4.83748 13371
20.903 6.33379 20248
21.4804 5.66761 24244
20.903 5.66791 20330
20.5674 3.8537 12463
20.3129 4.68693 16558
20.903 5.33483 20027
21.4669 3.34843 10020
22.0956 3.7371 11342
21.1703 4.1544 12439
22.0577 5.33333 26329
21.769 5.16714 22951
21.769 4.83618 16444
23.5011 6.16667 20249
22.9237 5.83334 24248
22.6351 5.66667 23301
30.718 11.6667 45997
31.2953 12.3333 43998
32.1613 12.1667 36748
38.8009 5.66667 37999
38.5122 5.83333 40746
38.2235 5.66667 33998
45.4397 16.8321 19634
46.017 17.1654 19287
46.3064 16.3333 23286
45.4404 15.1667 31248
45.7291 15.3333 33499
45.7291 15.6667 27252
44.2857 16.8333 22959
45.1517 16.6667 22976
45.4404 15.8333 27505
44.863 14.1667 32749
44.863 14.8333 30246
44.863 15.1667 24498
43.4197 14.3333 41750
43.7083 14.1667 41748
43.997 14.3333 37997
81.5248 6.33333 17999
82.3908 6.16667 17497
82.6795 5.33333 12749
55.2554 5.83333 39996
55.2554 6.16667 42249
54.9667 6.33333 39499
69.4004 13.3333 37998
70.5551 13.3333 38247
69.6891 13.1667 39000
94.2265 6.33333 1500
94.2265 6.66667 1749
93.9378 6.83333 1746
94.8038 16.6667 1252
95.3812 17.3333 748
96.2472 17.1667 748
97.4019 15.8336 749
96.8245 16.1669 498
96.5359 16.3333 747
96.5359 14.6667 250
96.8246 14.8333 498
96.8246 15.1667 747
4.15986 8.66667 747
3.87118 8.83333 498
3.58251 8.66667 500
3.29383 6.83333 1505
3.00515 7.66667 749
3.58251 8.33333 1000
3.87118 4.83333 249
3.58251 4.66667 249
3.58251 4.33333 756
66.225 3.83337 25710
65.6477 3.16673 22763
64.7818 3.33361 22758
65.6477 4.83345 36998
65.6477 5.16678 38999
65.6477 4.16676 30750
64.2043 6.33344 39008
65.0704 6.16675 41496
65.3591 5.33346 41749
64.4932 4.16715 26007
64.7819 4.33373 33498
64.7819 4.66708 37754
63.3507 3.84788 22585
63.6311 3.66786 19340
63.9163 3.83454 26573
64.2045 5.66696 37486
64.4932 4.83381 36752
63.9163 4.16793 32634
63.3384 6.16692 35239
62.7616 5.83461 36006
63.6276 5.33447 33521
62.7759 4.18552 25527
63.053 4.33926 29762
63.053 4.67259 30812
61.3625 3.43954 23892
61.9485 3.75956 19445
62.2132 3.87768 25587
85.5662 5.66667 13249
84.4115 5.66667 13247
85.2776 5.83333 14247
84.9889 4.66667 7999
84.9889 4.33333 6013
84.9889 5.33333 8997
86.4323 3.16667 7448
85.5662 3.33333 6724
85.2776 4.16667 6256
47.1723 4.16699 24240
47.7496 3.83365 16912
48.0385 3.66667 22983
54.678 3.8311 24868
54.9667 3.66667 22995
55.2554 3.83333 26731
52.3673 4.1679 23479
52.9446 3.83457 24361
53.518 3.15655 26632
57.8534 14.6667 32998
57.8534 15.3333 27246
57.8534 15.6667 30769
57.2397 16.6478 23262
56.6623 16.3144 19095
57.5648 15.8333 25632
86.1436 5.33333 7997
85.8549 5.16667 9249
85.8549 4.83333 6247
87.0096 5.83333 12000
87.587 6.16667 11249
86.7209 5.66667 9747
86.4323 3.83333 6500
86.1436 4.66667 8498
86.7209 5.33333 6496
87.587 3.83333 4953
87.8756 3.66667 3499
87.0096 4.16667 6000
8.77864 16.6653 3259
9.06733 15.8333 2752
8.20129 16.332 1747
13.4102 16.316 6610
13.1117 16.1696 8054
13.9933 16.6394 6827
45.4404 3.83338 22561
44.863 3.16667 19125
43.997 3.33333 23612
48.6159 15.6665 30240
48.6158 15.3333 32501
48.6159 16.3331 24273
50.0592 16.1667 21543
49.7705 16.3333 19844
49.4819 16.1667 23536
68.5344 4.16667 23438
68.5344 3.83333 21497
68.5344 4.83333 28750
69.9807 2.66113 20813
69.1118 2.83333 16780
68.8231 3.66667 21508
51.4991 16.3291 24819
52.0597 16.6285 20878
52.3581 15.8128 26565
25.5257 16.3331 15103
25.2331 16.1667 18958
26.1031 16.6664 15717
18.5936 16.3333 13805
17.7271 16.1676 12756
19.1692 16.6646 11253
69.6891 4.83333 29997
69.4004 4.66667 28249
69.4004 4.33333 25470
70.558 3.66113 18476
69.9807 3.3278 21178
69.6891 4.16667 25368
6.18058 3.83333 2186
6.48369 3.61857 3031
6.76325 3.84255 2152
5.02045 3.17607 998
4.15714 3.33804 257
3.87118 4.16667 1500
22.3608 3.86463 17383
22.0619 4.67639 15569
22.6351 5.33333 19907
23.5071 3.84519 14498
23.7898 3.66667 15902
22.9298 4.17852 14646
67.9571 16.1667 22274
68.5344 16.8333 17641
69.4004 16.6667 18177
40.8205 3.83543 21899
41.1093 3.66954 23247
41.9762 3.83566 25503
91.0511 4.16667 2750
91.0511 3.83333 2009
91.3397 3.66667 1513
90.4737 12.8333 4000
91.0511 13.1667 4249
90.185 12.6667 3748
91.6284 11.8333 5748
91.6284 12.1667 5000
91.3397 12.3333 3249
82.1021 11.6667 19496
81.5248 12.3333 22748
81.5248 11.6667 22997
48.0385 5.33333 34746
47.7498 5.16667 33249
47.7498 4.83333 27750
45.7291 7.33333 47996
45.4404 8.16667 46999
46.3064 7.66667 45748
28.7097 3.8554 16936
28.9976 3.69528 18026
29.2805 3.84359 19465
29.8528 4.83475 24807
29.2752 5.16773 27514
29.2791 4.17441 23794
55.8327 4.83333 33747
55.2554 5.16667 35496
55.2554 4.16667 32983
15.1295 13.6667 10249
14.5522 13.3333 9497
15.4182 13.8333 13747
14.8437 16.8284 4783
15.7069 16.6667 6891
15.9955 15.8333 8241
15.4182 14.8333 12997
15.4182 14.1667 12000
15.4182 15.1667 9759
44.2857 16.1667 21983
44.5744 15.3333 27246
43.997 14.6667 30997
43.131 16.1667 19545
42.8423 16.3333 20614
43.7083 15.8333 22752
42.8423 14.6667 37499
43.131 14.8333 31998
43.131 15.1667 29499
41.6877 16.3331 23035
42.5536 16.1667 25289
42.8423 15.3333 29499
42.265 13.6667 42747
42.265 14.3333 36746
42.265 14.6667 39501
40.8216 13.8333 42250
41.1103 13.6667 43500
41.3989 13.8333 37496
37.6462 4.66667 28500
38.2235 4.33333 29499
38.2235 5.33333 28498
33.6047 11.3333 46000
33.0274 12.3333 43000
33.6047 11.6667 43497
31.8728 14.3331 31509
31.8727 13.6666 35752
31.2955 14.3331 36754
31.8734 15.3321 26652
31.873 15.6662 22998
31.8728 14.6665 31928
67.091 7.66667 41497
67.6684 7.33334 41249
67.9571 7.16667 40500
69.1118 7.83333 41999
69.1118 7.16667 40749
68.2457 7.33333 48248
57.5648 12.1667 48250
58.1421 12.8333 43248
59.0081 12.6667 44749
73.4419 11.3333 39250
73.4419 11.6667 42496
73.1532 11.8333 39746
47.4611 12.6667 43250
47.1725 12.8333 43000
46.8838 12.6667 40497
48.3272 11.8333 50247
48.3272 12.1667 49997
48.0385 12.3333 44247
70.8438 13.8333 29750
71.4212 14.1667 27496
72.2872 14.3333 27746
71.7098 15.3333 23749
71.7098 15.6667 24747
71.7098 14.6667 26000
29.2745 16.1602 18909
28.9796 16.3377 17539
28.6932 16.1655 25827
73.1532 4.16667 16255
73.7306 3.83333 17840
74.0192 3.66667 15680
27.5593 3.19797 17793
26.6727 3.34086 16855
26.3838 4.16635 19350
82.3882 16.1361 13410
82.6803 15.332 14305
82.1029 14.6653 14562
80.9622 16.2638 11012
81.5183 16.5636 9085
81.8129 15.7992 10127
82.1022 4.33392 9257
82.1043 3.67079 10737
82.1021 4.66667 10006
80.946 3.67332 10771
80.3686 3.33998 13705
81.2371 3.8351 11534
91.6284 14.8332 2250
91.3395 15.6662 2752
91.9153 16.3303 1997
93.3606 16.166 745
93.0723 16.3292 1259
92.7823 16.1653 2249
79.8036 16.6187 13451
79.218 16.3216 13165
78.3388 16.1671 15390
36.2028 15.8333 26773
36.2028 16.1667 21651
35.9141 16.3333 19119
60.1661 3.68187 25462
59.5777 3.34951 20532
59.2913 4.16715 25285
33.8934 4.16667 23997
33.8934 3.83333 22286
34.1821 3.66667 23519
95.9585 4.33333 998
95.9585 4.66667 1998
